1.000000000000000000e+00 6.987157010218741915e-02 7.017235842867057538e-02 1.486975618683821665e+00 1.473571121365746528e+00
1.123324032978027409e+00 7.593591319982215260e-02 7.700550943602990639e-02 1.494071779587027748e+00 1.496686685382930371e+00
1.261856883066020396e+00 8.953290012990082480e-02 8.740485842392779758e-02 1.463811426951734163e+00 1.437021644577250790e+00
1.417474162926805281e+00 9.595863953372268940e-02 9.639307104232955337e-02 1.473811293586112292e+00 1.503850572088429871e+00
1.592282793341092351e+00 1.109095675977962159e-01 1.106900462442929611e-01 1.455540172183970249e+00 1.478289506288487765e+00
1.788649529057434906e+00 1.261144683270814804e-01 1.226771663389029515e-01 1.457272338359399733e+00 1.461219580853493127e+00
2.009233002565047332e+00 1.363089125373058152e-01 1.393519675341372277e-01 1.424932009984670067e+00 1.433913815387535706e+00
2.257019719633920118e+00 1.558607308193487584e-01 1.549412918720349253e-01 1.417759742509110410e+00 1.419161940875699024e+00
2.535364493970111877e+00 1.721924801257631865e-01 1.735919348820819941e-01 1.396071731271350203e+00 1.397877332344755530e+00
2.848035868435801365e+00 1.925068671546379673e-01 1.944541415132896578e-01 1.379433133089726482e+00 1.379142827925343262e+00
3.199267137797383587e+00 2.155840687976075254e-01 2.173637819745766753e-01 1.338553985667791935e+00 1.359513968255736671e+00
3.593813663804627634e+00 2.388188165742432534e-01 2.416907078266106179e-01 1.324043715217291250e+00 1.321563809207983553e+00
4.037017258596554470e+00 2.728474095034064684e-01 2.720842930300228502e-01 1.296032020375802674e+00 1.290496695347027156e+00
4.534878508128581842e+00 3.009846931991160268e-01 2.989865286633583419e-01 1.263092609264569788e+00 1.267924055086156798e+00
5.094138014816379290e+00 3.331479636298168012e-01 3.307090377712095797e-01 1.227931729537310446e+00 1.225673723326358378e+00
5.722367659350217295e+00 3.684862342593989704e-01 3.685922994910341699e-01 1.186506910211742039e+00 1.189335240856414622e+00
6.428073117284320404e+00 4.060596261612909319e-01 4.087182856696916500e-01 1.153602906725144983e+00 1.144246676979058464e+00
7.220809018385463851e+00 4.481014047142778400e-01 4.459081096906125641e-01 1.104187983371527793e+00 1.105321625694836385e+00
8.111308307896869962e+00 4.892992856835500226e-01 4.880024869263955289e-01 1.054843234101150884e+00 1.056695723582100399e+00
9.111627561154891808e+00 5.317760981429333622e-01 5.311341500847873709e-01 1.008341362751328241e+00 1.007239471540440690e+00
1.023531021899026250e+01 5.752097078297908617e-01 5.753846402566684670e-01 9.511211474406788824e-01 9.538485903554150269e-01
1.149756995397735615e+01 6.214726665436156594e-01 6.208681859273751380e-01 8.959250336090933686e-01 8.956913532349393137e-01
1.291549665014884063e+01 6.681932994857501251e-01 6.646966346380845936e-01 8.400360602766401286e-01 8.382249845672795630e-01
1.450828778495939453e+01 7.079749912041695126e-01 7.067163826684895733e-01 7.823021423017375575e-01 7.829888401830542577e-01
1.629750834620644184e+01 7.466516130939180318e-01 7.460935219077270419e-01 7.237592781869057745e-01 7.252987527472862794e-01
1.830738280295367915e+01 7.826075162484967818e-01 7.842716553832671522e-01 6.661943191699046807e-01 6.685943212519065426e-01
2.056512308348651530e+01 8.166263301639181682e-01 8.141512711659939505e-01 6.112988736616751240e-01 6.111594684100740693e-01
2.310129700083159321e+01 8.457799447879659205e-01 8.448295935778682431e-01 5.580742968757803624e-01 5.572646583713645185e-01
2.595024211399735847e+01 8.744302661872912497e-01 8.708758769657697352e-01 5.069911634966555170e-01 5.065703646958432671e-01
2.915053062825175800e+01 8.954737354911805891e-01 8.934044897103083915e-01 4.596467957948746630e-01 4.593815909516765217e-01
3.274549162877728037e+01 9.123312228315060279e-01 9.106777147003615180e-01 4.157937497046706454e-01 4.142985984515137332e-01
3.678379771828632272e+01 9.320342431616217560e-01 9.275490164048258990e-01 3.737337589930938009e-01 3.732367587565965650e-01
4.132012400115336703e+01 9.444670086445657864e-01 9.434142707142855189e-01 3.362270883762432661e-01 3.362878996371869711e-01
4.641588833612780007e+01 9.540076768416183572e-01 9.516820672430040817e-01 3.023267442231016844e-01 3.016392581242000048e-01
5.214008287999684654e+01 9.641535205258171537e-01 9.596685324417074670e-01 2.705224286166210135e-01 2.698352944886099891e-01
5.857020818056667366e+01 9.699191305931779139e-01 9.696909662898473004e-01 2.416932941212657227e-01 2.413460646695693157e-01
6.579332246575678766e+01 9.778027181782747990e-01 9.739396624585757722e-01 2.158446762795342977e-01 2.161059971891674536e-01
7.390722033525779011e+01 9.805228983005197518e-01 9.785593487888679665e-01 1.926492775054544637e-01 1.925488334080012187e-01
8.302175681319744172e+01 9.829341680035466045e-01 9.829885231850781224e-01 1.716579591418643247e-01 1.714467115221660620e-01
9.326033468832198992e+01 9.868848454289800287e-01 9.854638009581105917e-01 1.529115303111203694e-01 1.528386329653095288e-01
1.047615752789665180e+02 9.894826060157609904e-01 9.891117990462681142e-01 1.366749589833036183e-01 1.358986079084751886e-01
1.176811952434997863e+02 9.926691043615791799e-01 9.906601087824924434e-01 1.209881974652478043e-01 1.210987285191529317e-01
1.321941148466028721e+02 9.940066646967965491e-01 9.935350201384295366e-01 1.076684703607089233e-01 1.082305001407455336e-01
1.484968262254465117e+02 9.939346515407565530e-01 9.941505704320271475e-01 9.584949873353254546e-02 9.570602538484163091e-02
1.668100537200059250e+02 9.945736272011163059e-01 9.960553853548389514e-01 8.475561904247363998e-02 8.512682007266114681e-02
1.873817422860383033e+02 9.956691695158627065e-01 9.959445289083503905e-01 7.491132352731222355e-02 7.547788853502890305e-02
2.104904144512019855e+02 9.960387706059407043e-01 9.970698149524506171e-01 6.675802828750487805e-02 6.657656262242195311e-02
2.364489412645407072e+02 9.978859105333509616e-01 9.970128632579059458e-01 5.916302465374023711e-02 5.912739826271273813e-02
2.656087782946686957e+02 9.979960671707684972e-01 9.977287968150080344e-01 5.181781474595492654e-02 5.273677331476811503e-02
2.983647240283340238e+02 9.979931109066844108e-01 9.978526803744361962e-01 4.614958660880841279e-02 4.584797722329803094e-02
3.351602650938841066e+02 9.986567892512999700e-01 9.985078276523225993e-01 4.016857775800630748e-02 3.945275307844475776e-02
3.764935806792467474e+02 9.983220745779608496e-01 9.990970720269348737e-01 3.473636618829401002e-02 3.464271755543002485e-02
4.229242874389498752e+02 9.984013983804252979e-01 9.990413816338691300e-01 3.029569129397424732e-02 3.028750655984246976e-02
4.750810162102798131e+02 9.983428875973440197e-01 9.990159332108886625e-01 2.560640283454063137e-02 2.596162583366723453e-02
5.336699231206307559e+02 9.981120970526921043e-01 9.992972656572566281e-01 2.151244696679022184e-02 2.208795957676557009e-02
5.994842503189408944e+02 9.992947884227898481e-01 9.996106809042984986e-01 1.838487333832983239e-02 1.834186908481338918e-02
6.734150657750820983e+02 9.988296504174837276e-01 9.989820662896418124e-01 1.514357073454508651e-02 1.525178072569932652e-02
7.564633275546290179e+02 9.989330848073789682e-01 9.988145072976535310e-01 1.220867981864337537e-02 1.225579247673280747e-02
8.497534359086438371e+02 9.992704688872487973e-01 9.990933977505788155e-01 9.718331566952009837e-03 9.444883311199969711e-03
9.545484566618337112e+02 9.992814946076737925e-01 9.996669896366151553e-01 6.684035581040248530e-03 6.709210324870262809e-03
1.072267222010323167e+03 9.989021908232617042e-01 9.992171238923176491e-01 4.409022323855982251e-03 4.547849057886743651e-03
1.204503540258782323e+03 9.988561858502327251e-01 9.990076178272587759e-01 2.486110648959094505e-03 2.794446251036308837e-03
1.353047774579806173e+03 9.990721022132716955e-01 9.989763140518818085e-01 7.139209628230780424e-04 6.940213069626111064e-04
1.519911082952933157e+03 9.989158686478962768e-01 9.991649642948003951e-01 -1.931598697286318611e-03 -2.127029674564351325e-03
1.707352647470690499e+03 9.985717725249986243e-01 9.993866998623259779e-01 -3.966576686099898552e-03 -5.038436044086047616e-03
1.917910261672488787e+03 9.984133351228332565e-01 9.983942928272994122e-01 -6.716064072251448636e-03 -6.428396938555902551e-03
2.154434690031884656e+03 9.989026615983627178e-01 9.986826796487181523e-01 -8.458197469042083583e-03 -8.738890588888104105e-03
2.420128264794380812e+03 9.990312573706364718e-01 9.984982522952935424e-01 -1.077083950067381224e-02 -1.114771735877173597e-02
2.718588242732940216e+03 9.987860114674225187e-01 9.977731900423377764e-01 -1.410524732746232246e-02 -1.396498745598417912e-02
3.053855508833415570e+03 9.983391556395888600e-01 9.982647344935019484e-01 -1.781297350522148548e-02 -1.816230271177587952e-02
3.430469286314919373e+03 9.978775314531035390e-01 9.976618056666961554e-01 -2.079331014444729675e-02 -2.114731872178898797e-02
3.853528593710527275e+03 9.971786718326025589e-01 9.970570652116506061e-01 -2.346761079247716708e-02 -2.330784550780506947e-02
4.328761281083056929e+03 9.966625643615378838e-01 9.972528105467566295e-01 -2.582667918775083393e-02 -2.579095754770799331e-02
4.862601580065353119e+03 9.972334060494135732e-01 9.973318092351461939e-01 -2.789201810389130287e-02 -2.806338749125458776e-02
5.462277217684342759e+03 9.970784845833188248e-01 9.965437492056036239e-01 -3.011115055029689458e-02 -3.017151662687744818e-02
6.135907273413169605e+03 9.966709607473569488e-01 9.971910096378694410e-01 -3.244266733824741067e-02 -3.254233299327502493e-02
6.892612104349695073e+03 9.968688624722524816e-01 9.972248776788298352e-01 -3.554654272757318267e-02 -3.569963379758522848e-02
7.742636826811270112e+03 9.967911028473489532e-01 9.967910115965729068e-01 -3.802896647097941951e-02 -3.792344906184119679e-02
8.697490026177834807e+03 9.972235930013949590e-01 9.968130948302507122e-01 -4.073572089095378601e-02 -4.078235617108960653e-02
9.770099572992246976e+03 9.973948506516044921e-01 9.967056212169247420e-01 -4.317846438659600494e-02 -4.398983694357827545e-02
1.097498765493056817e+04 9.980124809595095625e-01 9.966335118698897988e-01 -4.838330178089123024e-02 -4.854806707255310272e-02
1.232846739442065882e+04 9.963931875298090990e-01 9.963304636355739818e-01 -5.262017713467370683e-02 -5.338423092151778349e-02
1.384886371393871741e+04 9.963356920532958627e-01 9.964964791289673274e-01 -5.793736462719722979e-02 -5.893437990461691811e-02
1.555676143930472244e+04 9.981698161964428495e-01 9.961729132734914449e-01 -6.321262677856420709e-02 -6.365981992023694858e-02
1.747528400007683013e+04 9.960959069596719839e-01 9.979602154337140485e-01 -7.143711439771038840e-02 -6.985484009762643609e-02
1.963040650040272521e+04 9.969020976057344496e-01 9.973341740693519863e-01 -7.412091097870021628e-02 -7.575322807127449209e-02
2.205130739903045469e+04 9.965758187645817889e-01 9.973125740550854434e-01 -8.226677038137708564e-02 -8.066092962193049942e-02
2.477076355991708988e+04 9.977522557847769979e-01 9.963799916985184302e-01 -8.644730321940929940e-02 -8.726070036255606510e-02
2.782559402207125822e+04 9.966308886709444037e-01 9.964048108596333941e-01 -9.191267894807753080e-02 -9.090558770914514142e-02
3.125715849688235176e+04 9.969770498494274769e-01 9.973335268080543159e-01 -9.923474298525203352e-02 -9.709737480689994982e-02
3.511191734215127508e+04 9.969852599824410300e-01 9.967711464724650083e-01 -1.074987654270640469e-01 -1.038368590298324179e-01
3.944206059437656222e+04 9.977234731769878406e-01 9.948673995529787595e-01 -1.146459357012292735e-01 -1.121612426066929125e-01
4.430621457583877782e+04 9.927058046284268356e-01 9.936490001346682810e-01 -1.283109582534112114e-01 -1.296203665301245422e-01
4.977023564332113892e+04 9.531321739044675834e-01 9.556402296329459256e-01 -1.954837311225414709e-01 -1.966916150148043663e-01
5.590810182512222673e+04 8.910862939949402151e-01 8.760059683084302495e-01 -2.724155834739132587e-01 -3.038772263429816434e-01
6.280291441834246507e+04 8.228727295243137840e-01 8.202457184870516338e-01 -3.549926299256500606e-01 -3.540450928843346112e-01
7.054802310718645458e+04 7.435344345006883460e-01 7.614268204482992353e-01 -4.623685298255857390e-01 -4.180669020167595562e-01
7.924828983539169712e+04 6.738775032802970522e-01 6.982312156508886369e-01 -5.610979247548035787e-01 -5.106382666580522312e-01
8.902150854450392944e+04 6.370492892431378618e-01 6.261405076309997098e-01 -6.020791405763770143e-01 -6.116834569807938493e-01
1.000000000000000000e+05 5.761222661708489401e-01 5.667977949041839159e-01 -7.233506877244106903e-01 -7.471591980736613792e-01
