1.000000000000000000e+00 6.917750954473132763e-02 7.017869260086063987e-02 1.523997025672011674e+00 1.528111144767706264e+00
1.149756995397735793e+00 7.759981215240638330e-02 7.932252812766589500e-02 1.489699547777488142e+00 1.502534079328525785e+00
1.321941148466029059e+00 9.354131355303478557e-02 9.335736393990509696e-02 1.474392781896972870e+00 1.455385723329954750e+00
1.519911082952933645e+00 1.060707651794615403e-01 1.077778004055066768e-01 1.481620081465328198e+00 1.468513859636190411e+00
1.747528400007683835e+00 1.189482876131216088e-01 1.196503744080311543e-01 1.434818384365731170e+00 1.447327950851569511e+00
2.009233002565047332e+00 1.383456866785780781e-01 1.409601530858757279e-01 1.423599688272814134e+00 1.441819464012148444e+00
2.310129700083159765e+00 1.592503202529108319e-01 1.581379075885369911e-01 1.409183970297550381e+00 1.393282477009632814e+00
2.656087782946686460e+00 1.812352673416454951e-01 1.818960344253280625e-01 1.381178773590527875e+00 1.383510892503926115e+00
3.053855508833415389e+00 2.085408704914823719e-01 2.078059030336373292e-01 1.353061635885587144e+00 1.351164266864446795e+00
3.511191734215131088e+00 2.385515095570199251e-01 2.355470539589243906e-01 1.327658271902095066e+00 1.328624929421423850e+00
4.037017258596554470e+00 2.683745073117871360e-01 2.682816771580316395e-01 1.306745618040923596e+00 1.294185382887342861e+00
4.641588833612779297e+00 3.062196760951433894e-01 3.072039691948699747e-01 1.266134482693954233e+00 1.262092328181895873e+00
5.336699231206309513e+00 3.463512849590142939e-01 3.475218457297960528e-01 1.212020937707719348e+00 1.212321699973967881e+00
6.135907273413172547e+00 3.904262146362445507e-01 3.908130098303539968e-01 1.165732472738419290e+00 1.166563366026412751e+00
7.054802310718643277e+00 4.404174429878672803e-01 4.392810414832460375e-01 1.110782351143740243e+00 1.119359813013850236e+00
8.111308307896871739e+00 4.885274336879614210e-01 4.886202354258468716e-01 1.050913998664386284e+00 1.059549941619707170e+00
9.326033468832198636e+00 5.405779598273842135e-01 5.415111738305632416e-01 9.957524637757702024e-01 9.944738314962604520e-01
1.072267222010323096e+01 5.937812368188023493e-01 5.918180231318392881e-01 9.301321665264570271e-01 9.301894239710613022e-01
1.232846739442065953e+01 6.497216353856766213e-01 6.480955518032794904e-01 8.641806866091030770e-01 8.627374621976233726e-01
1.417474162926805548e+01 7.010046714565316694e-01 6.999644310430193084e-01 7.923222195251637956e-01 7.940304246483353978e-01
1.629750834620644184e+01 7.480981055231464838e-01 7.416886028166898015e-01 7.256221006775875892e-01 7.218017582712019653e-01
1.873817422860383886e+01 7.899891281028709189e-01 7.896088388896176369e-01 6.581819023927311108e-01 6.555026452444021601e-01
2.154434690031884614e+01 8.318184346291253028e-01 8.284126143709377166e-01 5.908197374505892441e-01 5.900644006442989919e-01
2.477076355991711409e+01 8.653117726899408613e-01 8.615551928135601889e-01 5.261858609324239211e-01 5.287989688511691710e-01
2.848035868435801987e+01 8.924283989208263712e-01 8.864113017023262930e-01 4.681643147536682648e-01 4.684521849692933060e-01
3.274549162877728037e+01 9.152301401139602000e-01 9.133213254623976374e-01 4.154192038626645100e-01 4.137121654289104278e-01
3.764935806792467332e+01 9.359206363667753603e-01 9.296782692156547734e-01 3.673407909342030209e-01 3.658143878311586050e-01
4.328761281083059487e+01 9.466807929302099023e-01 9.447855714712272146e-01 3.225002259302609531e-01 3.221442789985089483e-01
4.977023564332111505e+01 9.603752088962332900e-01 9.590103555273610247e-01 2.822657941998927278e-01 2.825650364079308474e-01
5.722367659350216940e+01 9.688715276538385490e-01 9.658142009711229159e-01 2.472864507809457990e-01 2.463817253678608488e-01
6.579332246575683030e+01 9.780562746616084935e-01 9.768178819548570813e-01 2.152443334820710596e-01 2.164567655906308730e-01
7.564633275546290747e+01 9.832186777683475931e-01 9.799982641043613052e-01 1.886303289921142934e-01 1.879282335237535406e-01
8.697490026177834466e+01 9.856727469208995673e-01 9.845165279784169332e-01 1.640658116968918279e-01 1.636288703678103751e-01
1.000000000000000000e+02 9.896223619710017294e-01 9.875491525561346240e-01 1.432265246188118013e-01 1.430229466729815435e-01
1.149756995397735579e+02 9.921450410749411697e-01 9.903953953837378865e-01 1.243016549352589095e-01 1.239436025646893924e-01
1.321941148466028721e+02 9.923711291372069310e-01 9.930336554203523791e-01 1.088251629828227429e-01 1.079812158709705372e-01
1.519911082952933157e+02 9.945133557436839356e-01 9.943272622018499707e-01 9.381734674388031436e-02 9.379273307945634741e-02
1.747528400007684866e+02 9.951566735524799423e-01 9.963194212609105538e-01 8.082121974791967034e-02 8.108587082325469098e-02
2.009233002565048025e+02 9.970179497890833131e-01 9.969842922079965586e-01 7.088062275942608181e-02 7.040682359847139082e-02
2.310129700083160458e+02 9.962778297060116417e-01 9.973426901191876359e-01 6.106454534720340277e-02 6.071031777116342454e-02
2.656087782946686957e+02 9.970826437633694139e-01 9.976844059156816380e-01 5.185707268950645599e-02 5.174378451354666453e-02
3.053855508833415797e+02 9.978815535919608459e-01 9.979421969429984607e-01 4.457897891945616919e-02 4.444663835069873059e-02
3.511191734215130964e+02 9.980881121612381612e-01 9.979378164197668655e-01 3.798277192129706492e-02 3.790628544330765237e-02
4.037017258596553688e+02 9.983366489827042445e-01 9.988161491842533213e-01 3.106784032508169702e-02 3.203220084238367349e-02
4.641588833612781855e+02 9.986269366032461958e-01 9.992467105793672033e-01 2.685326105631169469e-02 2.643745511849804330e-02
5.336699231206312106e+02 9.981101596367967232e-01 9.986840678983941455e-01 2.257957293619483607e-02 2.206953097934771790e-02
6.135907273413175744e+02 9.989157388248456337e-01 9.987184443758129193e-01 1.780671746212281192e-02 1.741269621393737310e-02
7.054802310718645231e+02 9.989987467028857981e-01 9.991958052810898661e-01 1.398587821897478989e-02 1.395606353539857736e-02
8.111308307896872520e+02 9.987601004819381956e-01 9.989102002812947356e-01 1.028563360188528009e-02 1.076151944343983757e-02
9.326033468832199560e+02 9.982491158788007191e-01 9.987832575246778921e-01 7.679400015341730779e-03 7.253107024422167370e-03
1.072267222010323167e+03 9.990703473645916599e-01 9.992307760150483942e-01 4.743183220018210022e-03 4.437482130142278436e-03
1.232846739442065882e+03 9.987400669250313667e-01 9.992378166832296404e-01 2.148074916887843244e-03 2.268175910338676715e-03
1.417474162926804865e+03 9.993637301605391432e-01 9.991541373989729635e-01 -1.458737526336406631e-04 3.788840168046370138e-04
1.629750834620645037e+03 9.985379513355190362e-01 9.987462003988287762e-01 -3.550041156685779242e-03 -3.645752250319489463e-03
1.873817422860385022e+03 9.988925633226830580e-01 9.984011613673371421e-01 -6.235563299547663973e-03 -6.482528551296162789e-03
2.154434690031884656e+03 9.984500603675366959e-01 9.984158504780907828e-01 -8.507488919761385660e-03 -8.287571935312598725e-03
2.477076355991711353e+03 9.983769073927868387e-01 9.980325945587790182e-01 -1.191673499234502387e-02 -1.198122910441767885e-02
2.848035868435802058e+03 9.984459682337524233e-01 9.982671318335255561e-01 -1.515878111078183821e-02 -1.578422947985336222e-02
3.274549162877728577e+03 9.981333533418593751e-01 9.980339461734428763e-01 -1.956551079650292735e-02 -1.963172395451806551e-02
3.764935806792467247e+03 9.971523098353028969e-01 9.974666015034270306e-01 -2.298661395496459647e-02 -2.241775773498666524e-02
4.328761281083061476e+03 9.969934736489680649e-01 9.971105733012161076e-01 -2.532163474723692076e-02 -2.584850192537935243e-02
4.977023564332113892e+03 9.967500436674852082e-01 9.969335933905970615e-01 -2.857976626770097894e-02 -2.844842774749478664e-02
5.722367659350220492e+03 9.974980646405449125e-01 9.972833866546451098e-01 -3.152872169168929872e-02 -3.155840792353270530e-02
6.579332246575682802e+03 9.974733478754961302e-01 9.972871091664140542e-01 -3.522388413149801778e-02 -3.401044177159073811e-02
7.564633275546290861e+03 9.973751315755556845e-01 9.968560849547206670e-01 -3.748396402686138273e-02 -3.728081240093850113e-02
8.697490026177834807e+03 9.966448845234482379e-01 9.970147382253375934e-01 -4.028293606596200505e-02 -3.973100982880506393e-02
1.000000000000000000e+04 9.963277721341535775e-01 9.962972689397568971e-01 -4.450620043773856338e-02 -4.501475001393817621e-02
1.149756995397735591e+04 9.968381722810263357e-01 9.954658088769161584e-01 -5.024462268793872255e-02 -5.126168425710897480e-02
1.321941148466028790e+04 9.973083762085619419e-01 9.974046792361901392e-01 -5.639025429922384092e-02 -5.566955116740945897e-02
1.519911082952933066e+04 9.968468329441337872e-01 9.960842696509653038e-01 -6.313141514438447288e-02 -6.151474032349968368e-02
1.747528400007683013e+04 9.969238167480073409e-01 9.973621443843470047e-01 -6.892952786743533622e-02 -7.070138186989183282e-02
2.009233002565045899e+04 9.974518354077294147e-01 9.972979521410428871e-01 -7.737852693332536447e-02 -7.722069891472393977e-02
2.310129700083157877e+04 9.976703870808710795e-01 9.974156342018103416e-01 -8.432691274680070848e-02 -8.174533095697089635e-02
2.656087782946689549e+04 9.977676086648537002e-01 9.974736916711571810e-01 -8.966472972867389757e-02 -9.057435901417365542e-02
3.053855508833418571e+04 9.994454748305194869e-01 9.968246249646642854e-01 -9.648167797478546248e-02 -9.569401460803250714e-02
3.511191734215134784e+04 9.979921565967078134e-01 9.978871187188309566e-01 -1.068737673326194404e-01 -1.023050348563510070e-01
4.037017258596557804e+04 9.933836697413492844e-01 9.943566457801000791e-01 -1.194663203043528910e-01 -1.225278241619531805e-01
4.641588833612782037e+04 9.787879831169548073e-01 9.852202363958743048e-01 -1.595945165205043814e-01 -1.492415110692979496e-01
5.336699231206312834e+04 9.028436070917748024e-01 9.267464468921348120e-01 -2.461117291143879449e-01 -2.260854603343371849e-01
6.135907273413175426e+04 8.335482182516480432e-01 8.299916707832158957e-01 -3.379748648586620163e-01 -3.406035270142284688e-01
7.054802310718645458e+04 7.558972989596876024e-01 7.493013464728728312e-01 -4.398521072807302090e-01 -4.425225495539089060e-01
8.111308307896871702e+04 6.709867780349373367e-01 6.789447186558157377e-01 -5.579136451800614793e-01 -5.465648892633110378e-01
9.326033468832199287e+04 5.961041674512786992e-01 6.009395682661069493e-01 -6.736376661097160934e-01 -6.684361511757090923e-01
1.072267222010323167e+05 5.211109325987531848e-01 5.322525972584869480e-01 -8.136221796147662388e-01 -7.998674037173296725e-01
1.232846739442065882e+05 4.621612557175041602e-01 4.533771322134553805e-01 -9.016515821593875657e-01 -9.128921292659697428e-01
1.417474162926804856e+05 4.037670927741695004e-01 4.047721403709548249e-01 -1.000337698200118197e+00 -9.941207430988461269e-01
1.629750834620643582e+05 3.458533298505138132e-01 3.413882455453194908e-01 -1.086931102306732289e+00 -1.076818288884727082e+00
1.873817422860382940e+05 3.041706799331060362e-01 3.027359023690812112e-01 -1.189318695235431766e+00 -1.146935211499473750e+00
2.154434690031886566e+05 2.661352157851443190e-01 2.636490663920984523e-01 -1.222441158523910332e+00 -1.238318349038632249e+00
2.477076355991713936e+05 2.256912303321885194e-01 2.318823736403386182e-01 -1.262080447357907476e+00 -1.243942086341052855e+00
2.848035868435804732e+05 1.926428831895234950e-01 1.950277247101644684e-01 -1.340478971750417969e+00 -1.313166115638782827e+00
3.274549162877731724e+05 1.650189294159923603e-01 1.639530701819568725e-01 -1.360428214687361637e+00 -1.347050398903391510e+00
3.764935806792471558e+05 1.398973096758103218e-01 1.424462667739531951e-01 -1.373194868692527493e+00 -1.397694072805688137e+00
4.328761281083061476e+05 1.210900241529126731e-01 1.200283454898469909e-01 -1.404172486025488498e+00 -1.467446056738338944e+00
4.977023564332113601e+05 1.038601864196602859e-01 9.735122125962319961e-02 -1.400132820847051818e+00 -1.513696817449415200e+00
5.722367659350220347e+05 8.489457334588444704e-02 8.158250157483000475e-02 -1.379962275099863689e+00 -1.519414456133736380e+00
6.579332246575682657e+05 7.045595756464469173e-02 7.293738539207647587e-02 -1.439796611758367151e+00 -1.433089144936515069e+00
7.564633275546290679e+05 5.195359275134214111e-02 5.057966483856757289e-02 -1.240936797373816347e+00 -1.430648661284903866e+00
8.697490026177833788e+05 3.993833204434746320e-02 4.625922117539833095e-02 -1.265990866315982899e+00 -1.112356114024545928e+00
1.000000000000000000e+06 3.161994178408197159e-02 3.515613453542313499e-02 -1.220594003932863103e+00 -1.070900351023810870e+00
