1.000000000000000000e+00 6.990419601935211891e-02 6.988801493949768628e-02 1.496913749584390274e+00 1.496127999246778195e+00
1.123324032978027409e+00 7.822734129954300730e-02 7.825304629598400785e-02 1.488785516310010770e+00 1.484934404081419856e+00
1.261856883066020396e+00 8.778148688548594036e-02 8.780844547931765387e-02 1.477896299738537422e+00 1.480031231754439958e+00
1.417474162926805281e+00 9.828758579781962657e-02 9.830180794012167989e-02 1.468989502635746902e+00 1.468990435872466804e+00
1.592282793341092351e+00 1.104328899770688210e-01 1.102919784206275317e-01 1.456690759143043579e+00 1.457698971649747932e+00
1.788649529057434906e+00 1.236147727611488500e-01 1.238189913976796980e-01 1.442514872559794270e+00 1.443801811018198045e+00
2.009233002565047332e+00 1.387686709422999987e-01 1.386947162286997492e-01 1.427871569355035675e+00 1.429305177727519194e+00
2.257019719633920118e+00 1.554063496693497692e-01 1.553449626299139297e-01 1.410756391187259595e+00 1.410645837771246747e+00
2.535364493970111877e+00 1.738514911512755168e-01 1.737420488682580588e-01 1.392990539710551978e+00 1.392274955753888932e+00
2.848035868435801365e+00 1.943903365391937976e-01 1.943032334684743623e-01 1.371929787100405917e+00 1.371896490631622001e+00
3.199267137797383587e+00 2.170660348997975886e-01 2.170693711511782475e-01 1.348947729694126352e+00 1.348781865251359235e+00
3.593813663804627634e+00 2.423980417517222208e-01 2.424015140002065971e-01 1.322572170655749169e+00 1.322999730616977843e+00
4.037017258596554470e+00 2.701656565756067607e-01 2.702074187479970857e-01 1.294116262414815921e+00 1.294727054311878511e+00
4.534878508128581842e+00 3.004928465792395254e-01 3.006333007901090815e-01 1.262809704827042800e+00 1.262621986216148073e+00
5.094138014816379290e+00 3.335995854907457536e-01 3.335073140408393866e-01 1.227703176509253424e+00 1.227859968328239404e+00
5.722367659350217295e+00 3.693693377907097952e-01 3.691164228784860613e-01 1.189740212326736213e+00 1.189700914201839765e+00
6.428073117284320404e+00 4.071840731965560845e-01 4.070975848573140654e-01 1.148213029550498199e+00 1.148448221589109863e+00
7.220809018385463851e+00 4.475815157485285578e-01 4.476874338806741682e-01 1.103814812028011794e+00 1.103591373383084218e+00
8.111308307896869962e+00 4.898927271579904819e-01 4.903232047338771937e-01 1.055789146683653534e+00 1.055398529170685329e+00
9.111627561154891808e+00 5.339451086733080221e-01 5.337742250542807376e-01 1.004463654175212106e+00 1.004802404726255816e+00
1.023531021899026250e+01 5.784493592924453420e-01 5.782759798063149548e-01 9.509400421932729941e-01 9.511356346119841376e-01
1.149756995397735615e+01 6.218354956316862747e-01 6.224962425870591565e-01 8.955013052746494395e-01 8.955881838734924827e-01
1.291549665014884063e+01 6.656494841659165163e-01 6.657092284842560659e-01 8.382676729526097326e-01 8.382456274146488084e-01
1.450828778495939453e+01 7.076776018902553034e-01 7.068519151009752255e-01 7.802889831694455047e-01 7.806941867642893662e-01
1.629750834620644184e+01 7.473987545559814816e-01 7.462707664275144426e-01 7.228359520333591526e-01 7.229412646686412813e-01
1.830738280295367915e+01 7.839692096682101541e-01 7.841161019034137425e-01 6.660620435983193310e-01 6.661312481953021170e-01
2.056512308348651530e+01 8.179751487912899632e-01 8.172164684715659266e-01 6.105627761178595847e-01 6.103507322317844874e-01
2.310129700083159321e+01 8.464711044580758292e-01 8.449186660041474450e-01 5.572435748148900636e-01 5.572983488902938376e-01
2.595024211399735847e+01 8.722102212157063494e-01 8.725105856651613756e-01 5.065760260924343505e-01 5.066381991615092062e-01
2.915053062825175800e+01 8.939140836145172964e-01 8.949193172827407672e-01 4.590224410926770915e-01 4.590146124231444524e-01
3.274549162877728037e+01 9.141865373282781482e-01 9.113515995288132832e-01 4.144939375853629038e-01 4.145644926492906279e-01
3.678379771828632272e+01 9.291574761289785878e-01 9.295580432795542691e-01 3.733777205107631225e-01 3.732474979748587884e-01
4.132012400115336703e+01 9.418334618139267977e-01 9.423502067509953450e-01 3.356437242648455666e-01 3.354420998507308127e-01
4.641588833612780007e+01 9.551992026415999648e-01 9.535942214955789309e-01 3.006646470643250524e-01 3.011575296132038559e-01
5.214008287999684654e+01 9.627213453213069316e-01 9.626193939051540527e-01 2.698211644804855425e-01 2.699816182041492318e-01
5.857020818056667366e+01 9.713026286781424323e-01 9.698957113791106810e-01 2.412130075006624352e-01 2.413945305617595238e-01
6.579332246575678766e+01 9.748320207937715143e-01 9.738333948653239425e-01 2.158345864551769466e-01 2.158734393287948805e-01
7.390722033525779011e+01 9.793257391765438635e-01 9.794198512317892069e-01 1.929938126322898739e-01 1.930406877343733285e-01
8.302175681319744172e+01 9.841737761235027637e-01 9.836031792161541443e-01 1.720429888411691977e-01 1.718535195277439698e-01
9.326033468832198992e+01 9.868929009489521009e-01 9.873243572434334814e-01 1.533533768188721780e-01 1.533355644569258658e-01
1.047615752789665180e+02 9.888843635071575822e-01 9.897121879024586288e-01 1.367793414781499628e-01 1.367002370364636121e-01
1.176811952434997863e+02 9.912401191866759831e-01 9.906338573606129350e-01 1.218534738040526477e-01 1.220080598575239428e-01
1.321941148466028721e+02 9.926327500865004261e-01 9.932345471520364066e-01 1.086602289930054255e-01 1.085458315261766948e-01
1.484968262254465117e+02 9.948113738355522928e-01 9.942128181069876947e-01 9.660701161840945517e-02 9.668276414231602445e-02
1.668100537200059250e+02 9.954607147321453686e-01 9.957292462967501923e-01 8.606338601492780072e-02 8.583472048556961553e-02
1.873817422860383033e+02 9.959050278671882639e-01 9.961207533023002103e-01 7.669220819220701202e-02 7.655798007097747160e-02
2.104904144512019855e+02 9.959885389177237647e-01 9.961677524909565706e-01 6.826042791138675625e-02 6.809860774147713514e-02
2.364489412645407072e+02 9.970550251342453763e-01 9.966469078539561544e-01 6.058885282792081384e-02 6.061242990564874589e-02
2.656087782946686957e+02 9.976701141250835514e-01 9.980592084110100348e-01 5.400480336616153565e-02 5.378939543306904270e-02
2.983647240283340238e+02 9.977607859611957730e-01 9.976107627075954110e-01 4.787883761081435097e-02 4.806358386278652972e-02
3.351602650938841066e+02 9.979470937367773686e-01 9.982907150112536598e-01 4.244090116291721060e-02 4.245871365722475588e-02
3.764935806792467474e+02 9.982691867513202588e-01 9.981776481291940728e-01 3.746411695096796279e-02 3.751360330052477821e-02
4.229242874389498752e+02 9.982892199479858064e-01 9.984625062305465537e-01 3.337837014964417648e-02 3.335088490488224977e-02
4.750810162102798131e+02 9.987681834780065548e-01 9.985571603756999703e-01 2.953897310290232170e-02 2.947128175956947871e-02
5.336699231206307559e+02 9.987219280058518001e-01 9.986143520779929839e-01 2.592127669638744081e-02 2.603881511811145799e-02
5.994842503189408944e+02 9.990489132097314373e-01 9.987181785783245669e-01 2.265509231290785408e-02 2.267965397593973975e-02
6.734150657750820983e+02 9.991197740734104604e-01 9.988956925348487781e-01 1.990490940817135623e-02 2.000097125805444520e-02
7.564633275546290179e+02 9.988118389473256142e-01 9.989294562974971869e-01 1.751511255267690359e-02 1.756998258615816155e-02
8.497534359086438371e+02 9.991517541293041260e-01 9.990351027179291687e-01 1.553047156451725641e-02 1.520433916349528403e-02
9.545484566618337112e+02 9.990540095325729508e-01 9.990827621995527208e-01 1.319576332376293237e-02 1.281106646530361104e-02
1.072267222010323167e+03 9.992252519447331061e-01 9.989736401407608435e-01 1.097375912230447170e-02 1.122947016864817016e-02
1.204503540258782323e+03 9.993905984724198444e-01 9.990195542278270668e-01 9.524298826616206526e-03 9.317743480385942689e-03
1.353047774579806173e+03 9.991539954674119040e-01 9.992598956159947088e-01 7.721053981480263673e-03 7.611607574618872718e-03
1.519911082952933157e+03 9.993059229895401296e-01 9.994897556369368719e-01 5.995869116455665448e-03 6.462361030283414465e-03
1.707352647470690499e+03 9.993519623233179106e-01 9.992979609269810881e-01 4.697118291411506164e-03 5.021622114373069934e-03
1.917910261672488787e+03 9.995685560823821536e-01 9.994267731625249285e-01 3.142042829476388022e-03 3.288204686160867141e-03
2.154434690031884656e+03 9.996812075058649771e-01 9.994184687439059411e-01 2.120445436320395061e-03 2.173116484667225734e-03
2.420128264794380812e+03 9.999046437615087823e-01 9.993909119425875565e-01 6.066428575577376137e-04 8.602547414637840006e-04
2.718588242732940216e+03 9.999785547380348749e-01 9.996957869213398684e-01 -8.983636443171683084e-04 -9.562286118072194085e-04
3.053855508833415570e+03 1.000345045136191047e+00 1.000019226957351126e+00 -2.665641400951379580e-03 -2.130316934714215904e-03
3.430469286314919373e+03 9.999224380640362453e-01 9.997220263146944230e-01 -3.610639956880046242e-03 -3.475044080779809974e-03
3.853528593710527275e+03 1.000155161530215775e+00 1.000334025634245450e+00 -5.163737769955822898e-03 -5.045572314138269121e-03
4.328761281083056929e+03 1.000573412352758762e+00 1.000473884928491319e+00 -6.694690925121538072e-03 -6.947062901164535731e-03
4.862601580065353119e+03 1.000813230686043998e+00 1.000585453041162420e+00 -8.495124858877822760e-03 -8.405362039707320321e-03
5.462277217684342759e+03 1.001050709277999440e+00 1.001121678880735111e+00 -1.030524063088433806e-02 -1.062966678032406520e-02
6.135907273413169605e+03 1.001440110314018916e+00 1.001756805975420273e+00 -1.274562400606038537e-02 -1.292068121188361118e-02
6.892612104349695073e+03 1.001757212985480816e+00 1.002080726714774439e+00 -1.528890774762814431e-02 -1.537641475030637750e-02
7.742636826811270112e+03 1.002979841766771241e+00 1.003057679741684582e+00 -2.096273823828642691e-02 -2.083478446881859014e-02
8.697490026177834807e+03 1.005133814960392113e+00 1.004744086314592222e+00 -4.272743551691071673e-02 -4.265091793580122470e-02
9.770099572992246976e+03 1.005218761907286762e+00 1.005237674893522337e+00 -8.191356450680054024e-02 -8.174055591061168968e-02
1.097498765493056817e+04 1.026715265701264368e+00 1.026656403548677376e+00 -1.869228000258740252e-01 -1.869411121375632590e-01
1.232846739442065882e+04 1.006770665415022359e+00 9.462186254033604360e-01 -4.195607967198999866e-01 -4.348065487416223895e-01
1.384886371393871741e+04 8.842851249033972794e-01 8.416202189614999662e-01 -9.136872837388381186e-01 -8.501876312898666299e-01
1.555676143930472244e+04 7.386812045696350415e-01 7.309354428140557580e-01 -1.141719144369574224e+00 -1.094445896015132647e+00
1.747528400007683013e+04 6.462710729467845416e-01 6.458595451566688794e-01 -1.288467247462184773e+00 -1.253812127479733363e+00
1.963040650040272521e+04 5.724213564750473271e-01 5.730701543362451966e-01 -1.405034016488579951e+00 -1.389707661821322660e+00
2.205130739903045469e+04 5.073655986834202380e-01 5.097960059369288643e-01 -1.516155530803430018e+00 -1.516928381424814454e+00
2.477076355991708988e+04 4.491788044819640668e-01 4.577929498600921687e-01 -1.607782959480448248e+00 -1.596454327027919007e+00
2.782559402207125822e+04 4.002861013871988893e-01 4.087027773484537274e-01 -1.688877789682948105e+00 -1.676329124042207575e+00
3.125715849688235176e+04 3.567336352508764796e-01 3.622416202843805610e-01 -1.768038929386311686e+00 -1.758754611989688854e+00
3.511191734215127508e+04 3.158374468551929382e-01 3.185947387678941811e-01 -1.851975184751273318e+00 -1.843739966622944593e+00
3.944206059437656222e+04 2.764714397849906691e-01 2.834100356880774330e-01 -1.936988237158251636e+00 -1.924874703166205236e+00
4.430621457583877782e+04 2.381794680966593802e-01 2.418025367268004377e-01 -2.021806133031351038e+00 -2.027616782029856068e+00
4.977023564332113892e+04 2.053577463465263431e-01 2.083229983655859319e-01 -2.106059667116750411e+00 -2.121412774173776938e+00
5.590810182512222673e+04 1.767223140689530014e-01 1.763330581600764946e-01 -2.165312361069033464e+00 -2.221174836378440709e+00
6.280291441834246507e+04 1.505209897829788701e-01 1.486199233377451245e-01 -2.229410716192717246e+00 -2.316370651853325136e+00
7.054802310718645458e+04 1.265800800859407105e-01 1.239243796012700904e-01 -2.289821609046647666e+00 -2.430532890966348170e+00
7.924828983539169712e+04 1.048819330735890065e-01 9.987461173753901800e-02 -2.365462887947631820e+00 -2.555110521254214007e+00
8.902150854450392944e+04 8.506910058622571547e-02 7.788679258415125151e-02 -2.447622706669974946e+00 -2.682129259067394855e+00
1.000000000000000000e+05 6.203029638424215758e-02 6.050759840270367174e-02 -2.748759029156957467e+00 -2.770930217822130004e+00
