1.000000000000000000e+00 2.890602421084733525e-04 nan -1.613262266991934979e+00 nan
1.123324032978027409e+00 3.090023882551252142e-04 nan -1.615762188274880273e+00 nan
1.261856883066020396e+00 2.996355692055238337e-04 nan -1.614165507722558957e+00 nan
1.417474162926805281e+00 2.805361646483340416e-04 nan -1.614192735048582072e+00 nan
1.592282793341092351e+00 2.922253729247963104e-04 nan -1.616271828176653713e+00 nan
1.788649529057434906e+00 3.263759258778648332e-04 nan -1.615316443560410598e+00 nan
2.009233002565047332e+00 3.242837023648865460e-04 nan -1.615085085168253443e+00 nan
2.257019719633920118e+00 3.251841054533805204e-04 nan -1.616127919805681046e+00 nan
2.535364493970111877e+00 3.126702139004481620e-04 nan -1.611937733938589190e+00 nan
2.848035868435801365e+00 2.563789801449948202e-04 nan -1.617837424274116032e+00 nan
3.199267137797383587e+00 2.086665359009427735e-04 nan -1.615506587164476926e+00 nan
3.593813663804627634e+00 2.807400645231837512e-04 nan -1.616373876708521173e+00 nan
4.037017258596554470e+00 1.321446353753051855e-04 nan -1.616507692439521193e+00 nan
4.534878508128581842e+00 1.428881996661200140e-04 nan -1.615796048135034191e+00 nan
5.094138014816379290e+00 9.541889739524203335e-05 nan -1.614238154063363240e+00 nan
5.722367659350217295e+00 2.911543989858808037e-04 nan -1.615894761283275471e+00 nan
6.428073117284320404e+00 8.360104084853709263e-07 nan -1.615033452954287796e+00 nan
7.220809018385463851e+00 3.249037615543974274e-04 nan -1.620220216904668220e+00 nan
8.111308307896869962e+00 2.279052145047867704e-04 nan -1.617867012533197979e+00 nan
9.111627561154891808e+00 2.770113938262397076e-04 nan -1.617861844391984327e+00 nan
1.023531021899026250e+01 8.075425528656316268e-05 nan -1.617501696849545034e+00 nan
1.149756995397735615e+01 2.220138533814509983e-04 nan -1.616405959592758457e+00 nan
1.291549665014884063e+01 3.371508703945025754e-05 nan -1.615594201638762328e+00 nan
1.450828778495939453e+01 2.927759134596325343e-04 nan -1.622371390801813362e+00 nan
1.629750834620644184e+01 1.352406786307490752e-04 nan -1.620210486771721747e+00 nan
1.830738280295367915e+01 1.088314811689057197e-04 nan -1.618698323202755418e+00 nan
2.056512308348651530e+01 2.184942250265442044e-04 nan -1.616257904750590058e+00 nan
2.310129700083159321e+01 2.220056359865451385e-04 nan -1.620848508614268546e+00 nan
2.595024211399735847e+01 9.620708940206141951e-05 nan -1.619141966803708144e+00 nan
2.915053062825175800e+01 9.406640961300744323e-05 nan -1.617909345673090193e+00 nan
3.274549162877728037e+01 9.496783824986848490e-05 nan -1.619694542011528071e+00 nan
3.678379771828632272e+01 1.758283942150727739e-04 nan -1.621167989760878392e+00 nan
4.132012400115336703e+01 3.196909939517069885e-04 nan -1.618903941537804592e+00 nan
4.641588833612780007e+01 2.598197380776917924e-04 nan -1.617851561891621159e+00 nan
5.214008287999684654e+01 1.526703906969370018e-04 nan -1.618768493741013614e+00 nan
5.857020818056667366e+01 2.513825241275201121e-04 nan -1.620442957306137188e+00 nan
6.579332246575678766e+01 1.909585068733854376e-04 nan -1.621808966658619511e+00 nan
7.390722033525779011e+01 2.995429421959866219e-04 nan -1.618574618544087684e+00 nan
8.302175681319744172e+01 3.359494619553053804e-04 nan -1.619521767081645969e+00 nan
9.326033468832198992e+01 8.339034027019198670e-05 nan -1.620399243017396351e+00 nan
1.047615752789665180e+02 1.327357649007492209e-06 nan -1.621846177725987381e+00 nan
1.176811952434997863e+02 1.336911710266580774e-04 nan -1.619617700462267607e+00 nan
1.321941148466028721e+02 3.332599460530193732e-04 nan -1.619358023721156670e+00 nan
1.484968262254465117e+02 1.414136347052343163e-04 nan -1.620385262348426281e+00 nan
1.668100537200059250e+02 2.893214350250625802e-05 nan -1.619932872704247906e+00 nan
1.873817422860383033e+02 2.882460456839990959e-04 nan -1.622180411881128492e+00 nan
2.104904144512019855e+02 1.761676722621897660e-05 nan -1.617684100674688707e+00 nan
2.364489412645407072e+02 1.528084520524817288e-04 nan -1.619901765162485852e+00 nan
2.656087782946686957e+02 2.180516325219348974e-04 nan -1.621063249318124733e+00 nan
2.983647240283340238e+02 2.174862284340485844e-04 nan -1.621048645856864034e+00 nan
3.351602650938841066e+02 1.276510082466811714e-04 nan -1.620976127916142318e+00 nan
3.764935806792467474e+02 1.962063411331130887e-04 nan -1.622968678615478666e+00 nan
4.229242874389498752e+02 1.401545836042515137e-04 nan -1.620412575706564162e+00 nan
4.750810162102798131e+02 1.307199854088541039e-04 nan -1.620906115277376713e+00 nan
5.336699231206307559e+02 1.099249967956740746e-05 nan -1.621097193559170258e+00 nan
5.994842503189408944e+02 2.584770018021353033e-05 nan -1.620805982011996882e+00 nan
6.734150657750820983e+02 2.771240801032184495e-04 nan -1.620136665810254506e+00 nan
7.564633275546290179e+02 7.658538976779982201e-06 nan -1.620441792028686656e+00 nan
8.497534359086438371e+02 3.230253190134150815e-04 nan -1.621680085835791374e+00 nan
9.545484566618337112e+02 2.006795307578202294e-04 nan -1.618914616400351392e+00 nan
1.072267222010323167e+03 2.033942227555262891e-04 nan -1.619780408514712278e+00 nan
1.204503540258782323e+03 2.342321811684971587e-04 nan -1.621079155101621261e+00 nan
1.353047774579806173e+03 3.368661835438136213e-04 nan -1.622471783460281536e+00 nan
1.519911082952933157e+03 3.299775438281353176e-04 nan -1.622111243268197001e+00 nan
1.707352647470690499e+03 2.230677902425285840e-04 nan -1.622427205673334427e+00 nan
1.917910261672488787e+03 1.906697443641849280e-04 nan -1.622678907506230672e+00 nan
2.154434690031884656e+03 1.128770727378158352e-04 nan -1.621046054580316031e+00 nan
2.420128264794380812e+03 1.761766437948530690e-04 nan -1.624012674504845322e+00 nan
2.718588242732940216e+03 6.015262695845879161e-05 nan -1.624030685492742876e+00 nan
3.053855508833415570e+03 1.263278067642601592e-04 nan -1.623326905487586735e+00 nan
3.430469286314919373e+03 1.693808876436243285e-04 nan -1.622766423775177103e+00 nan
3.853528593710527275e+03 2.395425685338538433e-04 nan -1.626208811967426726e+00 nan
4.328761281083056929e+03 1.556224423514539234e-04 nan -1.625558891249348825e+00 nan
4.862601580065353119e+03 8.395161718127826191e-05 nan -1.623286368647215205e+00 nan
5.462277217684342759e+03 2.092493473707885754e-04 nan -1.622974039388845213e+00 nan
6.135907273413169605e+03 2.563226197701839754e-04 nan -1.621359112118099688e+00 nan
6.892612104349695073e+03 5.491201689185852970e-05 nan -1.623496180035473913e+00 nan
7.742636826811270112e+03 1.064206224050903991e-04 nan -1.619846932749497093e+00 nan
8.697490026177834807e+03 1.683155028798241645e-05 nan -1.623626255131400242e+00 nan
9.770099572992246976e+03 8.382023255301377263e-05 nan -1.622308067688158495e+00 nan
1.097498765493056817e+04 1.145568034175612583e-04 nan -1.620386255010743071e+00 nan
1.232846739442065882e+04 1.050516501553945087e-04 nan -1.621891807325280155e+00 nan
1.384886371393871741e+04 3.096088006808787570e-04 nan -1.623037229015841909e+00 nan
1.555676143930472244e+04 3.141682936756610511e-05 nan -1.620057345036420848e+00 nan
1.747528400007683013e+04 2.980924627194894792e-04 nan -1.621321835039728043e+00 nan
1.963040650040272521e+04 7.478430928618321990e-05 nan -1.622202014457233332e+00 nan
2.205130739903045469e+04 2.303433500142003354e-04 nan -1.622915246796021727e+00 nan
2.477076355991708988e+04 1.179345357849215726e-05 nan -1.622732149206898455e+00 nan
2.782559402207125822e+04 2.407151530254771521e-04 nan -1.622981757859777829e+00 nan
3.125715849688235176e+04 2.302214797758986330e-04 nan -1.624638192461475228e+00 nan
3.511191734215127508e+04 3.470277650229006020e-05 nan -1.621591858218113913e+00 nan
3.944206059437656222e+04 3.960851097569972868e-04 nan -1.623938580334010950e+00 nan
4.430621457583877782e+04 2.405104849985994814e-05 nan -1.622825245144127848e+00 nan
4.977023564332113892e+04 3.191469285757914782e-04 nan -1.625461620728565038e+00 nan
5.590810182512222673e+04 2.298905882557154433e-04 nan -1.624693608494819586e+00 nan
6.280291441834246507e+04 5.659497317966382188e-05 nan -1.621440106109394819e+00 nan
7.054802310718645458e+04 4.343774183844407587e-04 nan -1.623759134037377372e+00 nan
7.924828983539169712e+04 2.324774590328414995e-04 nan -1.622533752687266073e+00 nan
8.902150854450392944e+04 1.807324082532679331e-04 nan -1.623938207939305656e+00 nan
1.000000000000000000e+05 2.209186255782019875e-10 nan -1.627192198391832711e+00 nan
