1.000000000000000000e+00 9.994695931266309730e-01 nan -1.429936904377981932e-04 nan
1.123324032978027409e+00 9.993191190102478361e-01 nan 1.157282624664190962e-04 nan
1.261856883066020396e+00 9.995222051996472956e-01 nan -4.052084117489584969e-05 nan
1.417474162926805281e+00 9.991855819354050761e-01 nan 3.287421507369714391e-05 nan
1.592282793341092351e+00 9.995880914447349275e-01 nan -2.204388215503172432e-04 nan
1.788649529057434906e+00 9.995892734607400021e-01 nan -7.032961477460020205e-05 nan
2.009233002565047332e+00 9.995449041729812523e-01 nan -1.267994568747710105e-04 nan
2.257019719633920118e+00 9.994608805658486972e-01 nan -1.505093330793627615e-04 nan
2.535364493970111877e+00 9.992331184051035375e-01 nan -2.382259569806421950e-04 nan
2.848035868435801365e+00 9.995179709684842706e-01 nan -4.187399719324247371e-05 nan
3.199267137797383587e+00 9.993852022067605256e-01 nan -1.299788975490656640e-04 nan
3.593813663804627634e+00 9.995018033932033807e-01 nan 1.415126275836620096e-04 nan
4.037017258596554470e+00 9.995282104215027497e-01 nan 9.264267357966815553e-05 nan
4.534878508128581842e+00 9.995495229373753121e-01 nan 6.774625093441954959e-05 nan
5.094138014816379290e+00 9.993846326241472289e-01 nan -1.584788002846337918e-04 nan
5.722367659350217295e+00 9.991817686565552803e-01 nan 2.082020933333872392e-04 nan
6.428073117284320404e+00 9.994841727855611202e-01 nan -4.161672842339925182e-05 nan
7.220809018385463851e+00 9.995642170090131007e-01 nan -8.602330602336394350e-05 nan
8.111308307896869962e+00 9.992849901399317725e-01 nan 1.000019910373239895e-04 nan
9.111627561154891808e+00 9.993890194730028487e-01 nan -3.462549632127220889e-05 nan
1.023531021899026250e+01 9.995237127950279410e-01 nan 2.223411051804902172e-05 nan
1.149756995397735615e+01 9.996009114468232815e-01 nan 1.324108092282116900e-04 nan
1.291549665014884063e+01 9.992256798801198991e-01 nan -9.029084211720217468e-05 nan
1.450828778495939453e+01 9.994041082155505906e-01 nan -1.216635389598152983e-04 nan
1.629750834620644184e+01 9.993088089382158312e-01 nan -1.948058190794910161e-04 nan
1.830738280295367915e+01 9.995463991461126518e-01 nan -3.462052052594088991e-05 nan
2.056512308348651530e+01 9.994693056586239077e-01 nan -1.063066661499689758e-04 nan
2.310129700083159321e+01 9.992611888552999089e-01 nan 1.406698877373102619e-04 nan
2.595024211399735847e+01 9.994366986092654281e-01 nan -1.255324551951986223e-05 nan
2.915053062825175800e+01 9.995631202547006211e-01 nan -2.956040962756034673e-04 nan
3.274549162877728037e+01 9.993624100153346568e-01 nan -1.999078602490378387e-04 nan
3.678379771828632272e+01 9.994791865651371232e-01 nan 1.566634309870806874e-04 nan
4.132012400115336703e+01 9.993773445191150850e-01 nan -1.208957937226529111e-05 nan
4.641588833612780007e+01 9.995825665581559161e-01 nan -1.458447312217003855e-04 nan
5.214008287999684654e+01 9.994039010844051329e-01 nan -1.977597449216439429e-04 nan
5.857020818056667366e+01 9.994766207798607693e-01 nan -2.188021331646083922e-04 nan
6.579332246575678766e+01 9.994877858447599461e-01 nan 5.223896039208142383e-05 nan
7.390722033525779011e+01 9.994308477334530316e-01 nan -2.626000979581988304e-04 nan
8.302175681319744172e+01 9.993140191961318308e-01 nan -3.565031503285354120e-04 nan
9.326033468832198992e+01 9.996756645632971505e-01 nan -1.478957982743445143e-04 nan
1.047615752789665180e+02 9.998549059234449476e-01 nan -6.708838840863151631e-05 nan
1.176811952434997863e+02 9.994897816151232517e-01 nan -4.261513680532402759e-04 nan
1.321941148466028721e+02 9.994285561831829368e-01 nan -2.524811182458286396e-04 nan
1.484968262254465117e+02 9.993205222541237109e-01 nan -1.413749629017857501e-04 nan
1.668100537200059250e+02 9.992927809341393131e-01 nan -2.618881685325646913e-04 nan
1.873817422860383033e+02 9.997226388672550978e-01 nan -3.177015040929376255e-04 nan
2.104904144512019855e+02 9.995699667107902364e-01 nan -3.864472518406714130e-04 nan
2.364489412645407072e+02 9.995685550181558909e-01 nan -4.721479772320513746e-04 nan
2.656087782946686957e+02 9.994948622998334198e-01 nan -4.359841558954080654e-04 nan
2.983647240283340238e+02 9.995586488987157070e-01 nan -6.136514003234339043e-04 nan
3.351602650938841066e+02 9.994554916306999104e-01 nan -7.004374195478391130e-04 nan
3.764935806792467474e+02 9.998000522860533978e-01 nan -5.855046398290930654e-04 nan
4.229242874389498752e+02 9.993358898039128579e-01 nan -8.383440024055666129e-04 nan
4.750810162102798131e+02 9.994178494445579153e-01 nan -8.316247371027429836e-04 nan
5.336699231206307559e+02 9.993977810720484634e-01 nan -1.189852686370063140e-03 nan
5.994842503189408944e+02 9.994329574170919273e-01 nan -1.002006756813500488e-03 nan
6.734150657750820983e+02 9.996296507096225081e-01 nan -1.223870907491431126e-03 nan
7.564633275546290179e+02 9.996112802521722740e-01 nan -1.531555969303433073e-03 nan
8.497534359086438371e+02 9.993997687540762120e-01 nan -1.413814521282752423e-03 nan
9.545484566618337112e+02 9.993573601188568967e-01 nan -1.780824987651641322e-03 nan
1.072267222010323167e+03 9.995695727130843311e-01 nan -1.956395308171821057e-03 nan
1.204503540258782323e+03 9.996348741234609703e-01 nan -2.299608758138838027e-03 nan
1.353047774579806173e+03 9.994969852566157886e-01 nan -2.834508246900568906e-03 nan
1.519911082952933157e+03 9.996402533046884198e-01 nan -3.075383866004699485e-03 nan
1.707352647470690499e+03 9.994223277155022123e-01 nan -2.895835234641097600e-03 nan
1.917910261672488787e+03 9.994696541588673488e-01 nan -3.622316195056818344e-03 nan
2.154434690031884656e+03 9.993800664352113783e-01 nan -4.212491200803025748e-03 nan
2.420128264794380812e+03 9.994364423121600005e-01 nan -4.405922492153990788e-03 nan
2.718588242732940216e+03 9.996552785301794364e-01 nan -5.202799395825685735e-03 nan
3.053855508833415570e+03 9.996395573469312179e-01 nan -5.766041931911658480e-03 nan
3.430469286314919373e+03 9.998244518040196871e-01 nan -6.635971994040978927e-03 nan
3.853528593710527275e+03 9.995134281724527003e-01 nan -7.735639483207101819e-03 nan
4.328761281083056929e+03 9.996981645178631970e-01 nan -8.188493194224655269e-03 nan
4.862601580065353119e+03 9.996524830732903544e-01 nan -9.733682110450558866e-03 nan
5.462277217684342759e+03 9.999905315550808860e-01 nan -1.108818850562798275e-02 nan
6.135907273413169605e+03 9.996287102643512945e-01 nan -1.273339829521402677e-02 nan
6.892612104349695073e+03 9.996959130628678691e-01 nan -1.461395340630655681e-02 nan
7.742636826811270112e+03 9.997481801754962705e-01 nan -1.681317307187280008e-02 nan
8.697490026177834807e+03 9.994870500718051609e-01 nan -1.944262888904457753e-02 nan
9.770099572992246976e+03 9.995989253600194857e-01 nan -2.300080813957938730e-02 nan
1.097498765493056817e+04 9.994807987970293350e-01 nan -2.879552241539995450e-02 nan
1.232846739442065882e+04 9.970397143943492413e-01 nan -4.195452153920342653e-02 nan
1.384886371393871741e+04 9.810451334621644870e-01 nan -7.971609735580731382e-02 nan
1.555676143930472244e+04 9.412430545809550297e-01 nan -1.465774280544067665e-01 nan
1.747528400007683013e+04 8.821606613970317534e-01 nan -2.345337254554067385e-01 nan
1.963040650040272521e+04 8.140709590351330460e-01 nan -3.417602648927271503e-01 nan
2.205130739903045469e+04 7.364212246444671317e-01 nan -5.040610591191065915e-01 nan
2.477076355991708988e+04 6.607647424464835328e-01 nan -6.489151712705449881e-01 nan
2.782559402207125822e+04 5.934637148177073218e-01 nan -7.541221931652728472e-01 nan
3.125715849688235176e+04 5.323311767724805410e-01 nan -8.377686337022858254e-01 nan
3.511191734215127508e+04 4.780463555408751009e-01 nan -9.064720616670989273e-01 nan
3.944206059437656222e+04 4.290071121603233339e-01 nan -9.657960049922991175e-01 nan
4.430621457583877782e+04 3.830928803951135220e-01 nan -1.014471462524426215e+00 nan
4.977023564332113892e+04 3.435975345533225367e-01 nan -1.055701581797983124e+00 nan
5.590810182512222673e+04 3.071938897879341046e-01 nan -1.090649614747093210e+00 nan
6.280291441834246507e+04 2.736609649574790470e-01 nan -1.119589403133414152e+00 nan
7.054802310718645458e+04 2.438354264151144646e-01 nan -1.140622520138409257e+00 nan
7.924828983539169712e+04 2.169902823184273744e-01 nan -1.155037043434747446e+00 nan
8.902150854450392944e+04 1.930400866214421751e-01 nan -1.161054132137071093e+00 nan
1.000000000000000000e+05 1.714159488903908568e-01 nan -1.164159340605866788e+00 nan
