1.000000000000000000e+00 9.995586466832979688e-01 9.994869242569348611e-01 8.210508067252320075e-05 -1.003422046381707844e-04
1.123324032978027409e+00 9.994532335917665211e-01 9.993991031875647524e-01 -2.244623234530784828e-04 4.207772371334073114e-05
1.261856883066020396e+00 9.996622196512899849e-01 9.993987338611799442e-01 -2.437173042313389715e-05 1.024862395837544682e-05
1.417474162926805281e+00 9.995277960100805714e-01 9.995346919927092788e-01 -7.034018077778370071e-06 9.609594450576963709e-05
1.592282793341092351e+00 9.994953672674895540e-01 9.995950313664490050e-01 -2.637211218470270069e-05 9.310529469619410747e-05
1.788649529057434906e+00 9.995811597619818079e-01 9.995090456363061593e-01 1.408272492220419281e-05 -1.895323336587040330e-05
2.009233002565047332e+00 9.995348773587879876e-01 9.996708690336356673e-01 -2.649319798297966599e-05 -5.682394990946804114e-05
2.257019719633920118e+00 9.995508404061044239e-01 9.994962700421337054e-01 2.723739989551887675e-06 -1.012660474390969512e-04
2.535364493970111877e+00 9.994467312649535362e-01 9.995936834223129175e-01 -4.896614092331219581e-05 -3.205623353581543711e-04
2.848035868435801365e+00 9.995561631774071421e-01 9.996714382724505299e-01 -2.481193437375850408e-06 -1.200819038484901569e-04
3.199267137797383587e+00 9.996397114049087040e-01 9.996270147817403195e-01 -1.255514850919681180e-04 -3.470004861778619443e-04
3.593813663804627634e+00 9.993757254073660778e-01 9.992201559334595862e-01 -1.064927740301868653e-05 -8.982317246619686557e-05
4.037017258596554470e+00 9.995586892258087053e-01 9.995002438778243237e-01 -1.466112728865098802e-05 -9.047840491049896627e-05
4.534878508128581842e+00 9.994770872817436702e-01 9.996614694533731971e-01 -9.790468871884172586e-05 -1.796459385916548968e-04
5.094138014816379290e+00 9.994173874927978485e-01 9.995394285512388954e-01 4.968324120113720710e-05 2.802751059185482063e-04
5.722367659350217295e+00 9.995867910374356402e-01 9.994888008939423196e-01 5.340013249455211053e-05 -4.734652226368041283e-05
6.428073117284320404e+00 9.994378088182332975e-01 9.994404620174303089e-01 8.431364767158555651e-05 2.640957123389853223e-05
7.220809018385463851e+00 9.995963014709453587e-01 9.996737877285939433e-01 -8.333895136392044378e-05 5.154137515894774424e-06
8.111308307896869962e+00 9.994887981013110823e-01 9.997522582551796599e-01 -7.892790429409046737e-05 -1.403635633163702323e-04
9.111627561154891808e+00 9.997670819581090385e-01 9.997244557958903100e-01 -1.839899371547382145e-04 1.703650644113707813e-05
1.023531021899026250e+01 9.997569163214738985e-01 9.994423257229002600e-01 1.183651762035609067e-04 3.817076400158825322e-05
1.149756995397735615e+01 9.995554051079230673e-01 9.993786387685688055e-01 -8.928540645314342328e-05 -1.556703724459040927e-04
1.291549665014884063e+01 9.996072112436834578e-01 9.993538376188485506e-01 1.461109434419682884e-04 2.257644103940137370e-04
1.450828778495939453e+01 9.997085504801800360e-01 9.994567266310568909e-01 -1.901054245969646672e-04 8.733233954938413035e-05
1.629750834620644184e+01 9.996931095303828174e-01 9.997400471047928061e-01 3.329464509267410222e-04 -5.069605908403218564e-07
1.830738280295367915e+01 9.991916916436039964e-01 9.997756210039355773e-01 -3.600837715200810862e-05 1.033282289362169593e-04
2.056512308348651530e+01 9.995928787498189472e-01 9.994357516794368790e-01 -3.970219797633234293e-05 1.171299705671202673e-06
2.310129700083159321e+01 9.995867633502006910e-01 9.995275300102158811e-01 2.126089595564373269e-04 8.319649028010189795e-05
2.595024211399735847e+01 9.996413950093673284e-01 9.993976763777058236e-01 1.095299836961771689e-05 -5.957631928055207027e-05
2.915053062825175800e+01 9.993341948266355468e-01 9.993808512938229249e-01 -1.359669762539539306e-04 -1.961906872249841172e-05
3.274549162877728037e+01 9.993963024926917349e-01 9.993261756415768859e-01 -3.145539398579089152e-04 7.907829443620784104e-05
3.678379771828632272e+01 9.994255420625062225e-01 9.995023775957762036e-01 -2.362709290264497497e-04 -6.339914535136159657e-05
4.132012400115336703e+01 9.996595954783120686e-01 9.993412217987762691e-01 -9.559120174795765479e-05 -1.788143685867993327e-04
4.641588833612780007e+01 9.997464289633830603e-01 9.994461147635805842e-01 -4.602764197825237602e-05 -1.833811506930516089e-04
5.214008287999684654e+01 9.996326114942557517e-01 9.994133427147199322e-01 9.875962412886352126e-05 -1.757053573658851064e-05
5.857020818056667366e+01 9.994984025390567517e-01 9.994103783748591319e-01 5.712911431743350477e-05 1.360523769156074536e-05
6.579332246575678766e+01 9.995309108521790442e-01 9.994810215669354125e-01 -6.039028503934673608e-05 -1.570128521120039977e-04
7.390722033525779011e+01 9.995306010545411679e-01 9.994377619872379936e-01 -1.381159293902811669e-04 1.107150648937960113e-05
8.302175681319744172e+01 9.994806700722917991e-01 9.994001878534649608e-01 -3.103305927205646242e-04 -1.998342016475973537e-04
9.326033468832198992e+01 9.997785923613343728e-01 9.994701009921403978e-01 1.182461538995482897e-04 -3.920116112583471590e-04
1.047615752789665180e+02 9.995752281755116986e-01 9.993534175890957938e-01 -1.178109993063003458e-04 -5.722651480155604986e-05
1.176811952434997863e+02 9.993488273158240842e-01 9.995065433270070576e-01 -1.357316107082340295e-04 -1.910938936813266764e-04
1.321941148466028721e+02 9.993156625115807712e-01 9.993592087345121167e-01 -1.210539100675589452e-04 -4.347985048887004211e-04
1.484968262254465117e+02 9.996407687920606522e-01 9.994983259740869430e-01 -2.171241629085329805e-04 -3.853598591976314935e-04
1.668100537200059250e+02 9.996940602859343272e-01 9.993999548854425319e-01 -1.968873802202786294e-04 6.154635749489045793e-05
1.873817422860383033e+02 9.993876955268002904e-01 9.995060910136660537e-01 -3.512288135341101736e-04 -2.933483337441700201e-04
2.104904144512019855e+02 9.993820958458256021e-01 9.997397836657329062e-01 -3.768479765708931950e-04 -4.164666012362872038e-04
2.364489412645407072e+02 9.995892375127289897e-01 9.995880814170282624e-01 -2.878124974885487575e-04 -4.814743722203473908e-04
2.656087782946686957e+02 9.992250089817349412e-01 9.995325756732769129e-01 -3.872697968620997244e-04 -3.291466757877614668e-04
2.983647240283340238e+02 9.994873193416674573e-01 9.995377062957443437e-01 -5.750271738902412721e-04 -3.799157266919372944e-04
3.351602650938841066e+02 9.994501791667103063e-01 9.996177077674387457e-01 -3.739568739997700675e-04 -2.364028546248952978e-04
3.764935806792467474e+02 9.995254218777098743e-01 9.993727872902431475e-01 -4.822666667823050091e-04 -4.074271429841402892e-04
4.229242874389498752e+02 9.994271432585267734e-01 9.994505075016041351e-01 -1.005547831041120332e-03 -7.160603511433549784e-04
4.750810162102798131e+02 9.993734973660491905e-01 9.992792745559955225e-01 -8.149558157422021054e-04 -8.708069118164019073e-04
5.336699231206307559e+02 9.992364734533798476e-01 9.995171151461806902e-01 -6.961871819268772299e-04 -9.888783497387088062e-04
5.994842503189408944e+02 9.994432621625249924e-01 9.995747477139833581e-01 -9.001360641471833901e-04 -1.047839679396034285e-03
6.734150657750820983e+02 9.996476966063518876e-01 9.995063350898968357e-01 -1.133912191308539263e-03 -1.262883585751772841e-03
7.564633275546290179e+02 9.995234089409743561e-01 9.995959370481145578e-01 -1.177021806478606436e-03 -1.083469137775239233e-03
8.497534359086438371e+02 9.993698299155197029e-01 9.994738716628792652e-01 -1.168519872396078796e-03 -1.209724368729236943e-03
9.545484566618337112e+02 9.998215188391383901e-01 9.995804427525101232e-01 -1.564704504085412395e-03 -1.361401889576896451e-03
1.072267222010323167e+03 9.993707015472029775e-01 9.994778067892839957e-01 -1.603035356182669346e-03 -1.750930430096886425e-03
1.204503540258782323e+03 9.995778076875636575e-01 9.996720902176969847e-01 -2.123064894570703132e-03 -1.833239594504654235e-03
1.353047774579806173e+03 9.997583115256696296e-01 9.996531855908922237e-01 -1.863697295488631056e-03 -2.039138956198005559e-03
1.519911082952933157e+03 9.994923011481284814e-01 9.994917286049738170e-01 -2.266158293416253855e-03 -2.624849474973434127e-03
1.707352647470690499e+03 9.996141417629051951e-01 9.993706914087907567e-01 -2.787338425122687369e-03 -2.439465922202899151e-03
1.917910261672488787e+03 9.993856028136746117e-01 9.995834541918858784e-01 -3.030085905174395577e-03 -2.886321855547713255e-03
2.154434690031884656e+03 9.996751484305718138e-01 9.995741411161777057e-01 -3.424472236130515768e-03 -3.655648264758504240e-03
2.420128264794380812e+03 9.994971880339345027e-01 9.994673757954602999e-01 -3.563662849286775014e-03 -4.095286673278408784e-03
2.718588242732940216e+03 9.995006149480499813e-01 9.994824513705140578e-01 -4.550858333537188827e-03 -4.382205711199738118e-03
3.053855508833415570e+03 9.997354917872086633e-01 9.996510637733236893e-01 -4.821414944854218732e-03 -4.704153384243348057e-03
3.430469286314919373e+03 9.995611971161694198e-01 9.998849762645618533e-01 -5.925651444673718515e-03 -5.563901222735978536e-03
3.853528593710527275e+03 9.996639022984344924e-01 1.000005841821780761e+00 -6.382002756505134045e-03 -6.372441533198713870e-03
4.328761281083056929e+03 9.998171939517029871e-01 9.997162843934306320e-01 -7.350200558476238655e-03 -7.085280283803285784e-03
4.862601580065353119e+03 9.995954701209103233e-01 9.997295486267911979e-01 -8.236334505952846996e-03 -8.123486269703050766e-03
5.462277217684342759e+03 9.995970910396608788e-01 9.994548124829439883e-01 -9.259929833103974772e-03 -8.987844486779472675e-03
6.135907273413169605e+03 9.995955777057277114e-01 9.997525102655385743e-01 -1.033368772895837395e-02 -1.036510571226711974e-02
6.892612104349695073e+03 9.996934940858399621e-01 9.999358462677095938e-01 -1.210078346006149275e-02 -1.146855977667993187e-02
7.742636826811270112e+03 9.997587676651781274e-01 9.994389315048041178e-01 -1.396962880255170347e-02 -1.355070994041440713e-02
8.697490026177834807e+03 9.999364944359753204e-01 1.000046859441994229e+00 -1.559611899776491839e-02 -1.594262588476302867e-02
9.770099572992246976e+03 9.997687714075254029e-01 9.996379951574692058e-01 -1.861870716462377118e-02 -1.843589319818939032e-02
1.097498765493056817e+04 9.997533671724160298e-01 9.998647331779727532e-01 -2.192595889815018850e-02 -2.159261978250315295e-02
1.232846739442065882e+04 9.994353438057009820e-01 9.992136385650395303e-01 -2.633080258796427486e-02 -2.581752269854664661e-02
1.384886371393871741e+04 9.991668634138884952e-01 9.989577481323469454e-01 -3.328282556007522430e-02 -3.304153531816478306e-02
1.555676143930472244e+04 9.930967965406066744e-01 9.931745541480816453e-01 -5.434265543139993326e-02 -5.433616645277394852e-02
1.747528400007683013e+04 9.671817073965187639e-01 9.675830931087784359e-01 -1.049331875518801915e-01 -1.054293303587465758e-01
1.963040650040272521e+04 9.186065456340006818e-01 9.184153048640592010e-01 -1.822673403530523650e-01 -1.822417776048723681e-01
2.205130739903045469e+04 8.543150054616851508e-01 8.546566457937389005e-01 -2.750282485778878794e-01 -2.750497096407302777e-01
2.477076355991708988e+04 7.849985503612637583e-01 7.846777977864298759e-01 -3.907307983880232705e-01 -3.905167006301968335e-01
2.782559402207125822e+04 7.068052104599237273e-01 7.069003847770910509e-01 -5.598368094978849463e-01 -5.601354424302695811e-01
3.125715849688235176e+04 6.349430115934218133e-01 6.345731413625039785e-01 -6.889879154546552087e-01 -6.892900573445519541e-01
3.511191734215127508e+04 5.699671900041093364e-01 5.700922506463615980e-01 -7.861240580573660708e-01 -7.870237399117971933e-01
3.944206059437656222e+04 5.117121598391477511e-01 5.112860530246451374e-01 -8.676411856649632881e-01 -8.672991345897127502e-01
4.430621457583877782e+04 4.584494152808321066e-01 4.591853726976038441e-01 -9.352937459853123414e-01 -9.340321520381280607e-01
4.977023564332113892e+04 4.102025859199133206e-01 4.106678226612189841e-01 -9.944913792776155503e-01 -9.942803649005647060e-01
5.590810182512222673e+04 3.675018262875984210e-01 3.663249840193845697e-01 -1.042045387263627276e+00 -1.042872698437538048e+00
6.280291441834246507e+04 3.271972061627830275e-01 3.275314189577966384e-01 -1.084832545123250114e+00 -1.083771172848610576e+00
7.054802310718645458e+04 2.925475878169146449e-01 2.924228376639639859e-01 -1.119912437254868109e+00 -1.118508187982275359e+00
7.924828983539169712e+04 2.599320289020172758e-01 2.594034068477395483e-01 -1.144544898336192773e+00 -1.145568296013514953e+00
8.902150854450392944e+04 2.312650746476366259e-01 2.306344707535021299e-01 -1.161328154790538747e+00 -1.163822496880815294e+00
1.000000000000000000e+05 2.049012950096308905e-01 2.046462862946309691e-01 -1.176522050245775830e+00 -1.177831305364080094e+00
