1.000000000000000000e+00 9.993156205881906784e-01 nan -1.611979909377225795e-04 nan
1.123324032978027409e+00 9.997938053519855872e-01 nan 1.336389160382367436e-04 nan
1.261856883066020396e+00 9.996800413646121930e-01 nan -1.682709297847750918e-04 nan
1.417474162926805281e+00 9.993477997135471469e-01 nan 9.761421086107446854e-05 nan
1.592282793341092351e+00 9.995402206086878572e-01 nan 6.267166443230109962e-05 nan
1.788649529057434906e+00 9.996361314692440159e-01 nan -2.617125455475211027e-04 nan
2.009233002565047332e+00 9.995860966137114501e-01 nan 3.901942011896863960e-05 nan
2.257019719633920118e+00 9.997396894047642091e-01 nan -2.092584339821179640e-04 nan
2.535364493970111877e+00 9.995415588399199081e-01 nan -7.063290748821060561e-05 nan
2.848035868435801365e+00 9.994025295152930699e-01 nan -2.480554201413909254e-04 nan
3.199267137797383587e+00 9.994323334348262922e-01 nan 9.591857077140275578e-05 nan
3.593813663804627634e+00 9.995627987581401364e-01 nan -3.465420330250879033e-05 nan
4.037017258596554470e+00 9.995024772166924976e-01 nan -1.132030883592705095e-04 nan
4.534878508128581842e+00 9.993965161688145304e-01 nan -1.170471796534400255e-04 nan
5.094138014816379290e+00 9.995372622411845542e-01 nan -3.276938420837538501e-05 nan
5.722367659350217295e+00 9.994269091248192405e-01 nan -4.048183813054606617e-06 nan
6.428073117284320404e+00 9.995694112746918991e-01 nan -8.226909449549069109e-05 nan
7.220809018385463851e+00 9.993567303820829473e-01 nan 2.401706454513430344e-05 nan
8.111308307896869962e+00 9.995201502124616555e-01 nan -7.286371932035962118e-05 nan
9.111627561154891808e+00 9.995775185246976724e-01 nan -2.240952875363078078e-04 nan
1.023531021899026250e+01 9.994749801005209378e-01 nan -1.924912638098241757e-04 nan
1.149756995397735615e+01 9.995733895675326108e-01 nan 6.428777559186471535e-05 nan
1.291549665014884063e+01 9.994654501433598570e-01 nan -1.383757104052030229e-04 nan
1.450828778495939453e+01 9.997340683726351207e-01 nan 3.053758768434278181e-05 nan
1.629750834620644184e+01 9.994763052777231316e-01 nan -2.292182538399245573e-04 nan
1.830738280295367915e+01 9.995601859885606677e-01 nan -7.688806865857600314e-06 nan
2.056512308348651530e+01 9.996357528288057903e-01 nan -8.534848596752908634e-07 nan
2.310129700083159321e+01 9.993311264298531116e-01 nan -7.883376500839034406e-05 nan
2.595024211399735847e+01 9.995409419136908058e-01 nan -1.753550667960013243e-04 nan
2.915053062825175800e+01 9.993023524392207202e-01 nan -1.478997827182304547e-04 nan
3.274549162877728037e+01 9.997272639477856604e-01 nan 1.417184700684970267e-04 nan
3.678379771828632272e+01 9.993404038958737523e-01 nan -4.608547656825834338e-05 nan
4.132012400115336703e+01 9.993655436193259467e-01 nan -3.225216628237603800e-04 nan
4.641588833612780007e+01 9.995657286429661115e-01 nan -3.724521457355578491e-04 nan
5.214008287999684654e+01 9.993744569112368303e-01 nan -1.896701486412410986e-04 nan
5.857020818056667366e+01 9.994637294816508533e-01 nan -2.844636060572725000e-05 nan
6.579332246575678766e+01 9.996074115482859179e-01 nan 2.013440180803627300e-06 nan
7.390722033525779011e+01 9.994045002821013712e-01 nan -1.173005391699177835e-04 nan
8.302175681319744172e+01 9.993405608422136766e-01 nan -1.659497117163510893e-04 nan
9.326033468832198992e+01 9.994859879274152759e-01 nan -5.208622815930930017e-04 nan
1.047615752789665180e+02 9.996277628277538962e-01 nan -2.364977925166655837e-04 nan
1.176811952434997863e+02 9.994708398149870776e-01 nan -5.041233124152277867e-04 nan
1.321941148466028721e+02 9.993972716830363812e-01 nan -8.806525722970803827e-05 nan
1.484968262254465117e+02 9.994359583166902983e-01 nan -6.751381708500758805e-04 nan
1.668100537200059250e+02 9.996367012074518499e-01 nan -4.078070821931234491e-04 nan
1.873817422860383033e+02 9.997112980947807648e-01 nan -4.127061207190863001e-04 nan
2.104904144512019855e+02 9.995007652234235707e-01 nan -4.299085364944943422e-04 nan
2.364489412645407072e+02 9.995271322879482057e-01 nan -4.881678277390832932e-04 nan
2.656087782946686957e+02 9.996745780295929196e-01 nan -6.649952323183327962e-04 nan
2.983647240283340238e+02 9.993695454563223945e-01 nan -7.821405812435955340e-04 nan
3.351602650938841066e+02 9.993151745136223951e-01 nan -8.043589589608046708e-04 nan
3.764935806792467474e+02 9.995070991045009734e-01 nan -7.897858822434322690e-04 nan
4.229242874389498752e+02 9.992716458404630187e-01 nan -1.104961840651785820e-03 nan
4.750810162102798131e+02 9.991562241486671159e-01 nan -9.998288918122710811e-04 nan
5.336699231206307559e+02 9.996067388514857655e-01 nan -1.025920051533901756e-03 nan
5.994842503189408944e+02 9.994288949193445015e-01 nan -1.278956436506994976e-03 nan
6.734150657750820983e+02 9.995171554944529690e-01 nan -1.518026741831768334e-03 nan
7.564633275546290179e+02 9.994919061991233145e-01 nan -1.769792594875418956e-03 nan
8.497534359086438371e+02 9.993632813559835126e-01 nan -1.668914565426948826e-03 nan
9.545484566618337112e+02 9.993353043584114470e-01 nan -2.079939251097506769e-03 nan
1.072267222010323167e+03 9.998280559934255018e-01 nan -2.397152618532238932e-03 nan
1.204503540258782323e+03 9.994677690156598127e-01 nan -2.720128721654724302e-03 nan
1.353047774579806173e+03 9.993909140939959412e-01 nan -2.873638047409698970e-03 nan
1.519911082952933157e+03 9.992798647311600391e-01 nan -3.268125325231352463e-03 nan
1.707352647470690499e+03 9.995440305260907543e-01 nan -3.817529957814702612e-03 nan
1.917910261672488787e+03 9.993357420012886072e-01 nan -4.227755784523168359e-03 nan
2.154434690031884656e+03 9.995114157456531645e-01 nan -5.206242995730914203e-03 nan
2.420128264794380812e+03 9.995854250427932408e-01 nan -5.480260334230990793e-03 nan
2.718588242732940216e+03 9.996195086612491565e-01 nan -6.410455854998442504e-03 nan
3.053855508833415570e+03 9.996786109484556704e-01 nan -6.807879548939244074e-03 nan
3.430469286314919373e+03 9.992283340210537101e-01 nan -8.021328377164849144e-03 nan
3.853528593710527275e+03 9.997307341910729450e-01 nan -9.048334769986343673e-03 nan
4.328761281083056929e+03 9.997179467932820751e-01 nan -1.017012944258155471e-02 nan
4.862601580065353119e+03 9.996439926223463779e-01 nan -1.168845608233537448e-02 nan
5.462277217684342759e+03 9.996015881345881038e-01 nan -1.344142113775070868e-02 nan
6.135907273413169605e+03 9.998463785990286956e-01 nan -1.544206751695664792e-02 nan
6.892612104349695073e+03 9.997908546037086452e-01 nan -1.803872211421042593e-02 nan
7.742636826811270112e+03 9.994700460434123857e-01 nan -2.164400671389721253e-02 nan
8.697490026177834807e+03 9.997879064294387108e-01 nan -2.575616550657411352e-02 nan
9.770099572992246976e+03 9.991395684451186421e-01 nan -3.471877113129018255e-02 nan
1.097498765493056817e+04 9.891250476821954463e-01 nan -6.066258409772284921e-02 nan
1.232846739442065882e+04 9.599453033893085019e-01 nan -1.147699205783601073e-01 nan
1.384886371393871741e+04 9.082545089057508791e-01 nan -1.953810215277362872e-01 nan
1.555676143930472244e+04 8.434173118266401481e-01 nan -2.959268860984014538e-01 nan
1.747528400007683013e+04 7.679816871898906827e-01 nan -4.414671882706819872e-01 nan
1.963040650040272521e+04 6.901274691652562465e-01 nan -5.986894015767534327e-01 nan
2.205130739903045469e+04 6.201305442557535352e-01 nan -7.101750053261124407e-01 nan
2.477076355991708988e+04 5.561461186363361175e-01 nan -7.968683051030893694e-01 nan
2.782559402207125822e+04 4.999984057923462233e-01 nan -8.693032326882281779e-01 nan
3.125715849688235176e+04 4.486398730136848534e-01 nan -9.271745716944082005e-01 nan
3.511191734215127508e+04 4.031657848591612137e-01 nan -9.761345591220873530e-01 nan
3.944206059437656222e+04 3.617059391943913127e-01 nan -1.019569210043744789e+00 nan
4.430621457583877782e+04 3.247095660146877560e-01 nan -1.053582458489547236e+00 nan
4.977023564332113892e+04 2.896913538655531695e-01 nan -1.081127042173978481e+00 nan
5.590810182512222673e+04 2.597437363785192188e-01 nan -1.102832481477634019e+00 nan
6.280291441834246507e+04 2.313523844876765878e-01 nan -1.115891208186679862e+00 nan
7.054802310718645458e+04 2.065331352994956293e-01 nan -1.123677261486534462e+00 nan
7.924828983539169712e+04 1.844676307807464333e-01 nan -1.127802605127827817e+00 nan
8.902150854450392944e+04 1.645046678399650908e-01 nan -1.124141506978798333e+00 nan
1.000000000000000000e+05 1.462333838597190405e-01 nan -1.119879704591898673e+00 nan
