1.000000000000000000e+00 1.002170235026316858e+00 nan -5.816058156495884646e-03 nan
1.149756995397735793e+00 9.954047316511401844e-01 nan -5.447276396135958265e-03 nan
1.321941148466029059e+00 9.884345708863295776e-01 nan -2.123312347626971075e-03 nan
1.519911082952933645e+00 1.002825447231096012e+00 nan 6.439657670931353550e-05 nan
1.747528400007683835e+00 9.983403295424130297e-01 nan -3.661208039923202762e-03 nan
2.009233002565047332e+00 9.966880878617979667e-01 nan -8.737738494337232709e-03 nan
2.310129700083159765e+00 9.866390786264097601e-01 nan 2.568589184813951931e-03 nan
2.656087782946686460e+00 9.987841152648523346e-01 nan -1.739328775769433122e-03 nan
3.053855508833415389e+00 9.866297244805183331e-01 nan -8.563479130494044966e-03 nan
3.511191734215131088e+00 9.914459005855594809e-01 nan -6.132121796447620454e-03 nan
4.037017258596554470e+00 1.004646184702623346e+00 nan 6.590421760320985811e-03 nan
4.641588833612779297e+00 9.928482000073837188e-01 nan -5.239961252486047272e-03 nan
5.336699231206309513e+00 9.902368344949810108e-01 nan 5.110350072549785239e-03 nan
6.135907273413172547e+00 9.925243015279132663e-01 nan -1.816671342021791702e-03 nan
7.054802310718643277e+00 9.873281879232614910e-01 nan -5.821316208678872783e-03 nan
8.111308307896871739e+00 9.880188059392983613e-01 nan 7.749519895687839721e-03 nan
9.326033468832198636e+00 1.002392929229905638e+00 nan -3.591020440790515522e-03 nan
1.072267222010323096e+01 9.877573296722410578e-01 nan -3.831441662253354252e-03 nan
1.232846739442065953e+01 9.966571727940557457e-01 nan -4.545475658855657741e-03 nan
1.417474162926805548e+01 9.884142366668984270e-01 nan 9.387021459678734914e-03 nan
1.629750834620644184e+01 9.873342341884099316e-01 nan 5.100275878779925165e-04 nan
1.873817422860383886e+01 9.988565706161678381e-01 nan 2.126890590720798002e-03 nan
2.154434690031884614e+01 9.881249010390509291e-01 nan 4.491144960274695563e-03 nan
2.477076355991711409e+01 9.929131958505882372e-01 nan -1.144263886525687113e-02 nan
2.848035868435801987e+01 9.919655061697997267e-01 nan 1.148035971835570379e-02 nan
3.274549162877728037e+01 9.861870703891353340e-01 nan 1.327650959409387710e-02 nan
3.764935806792467332e+01 9.945420959343754808e-01 nan 9.554758325283074782e-04 nan
4.328761281083059487e+01 9.802900669719697424e-01 nan 6.822492906889632280e-03 nan
4.977023564332111505e+01 9.960915353552799445e-01 nan -1.786241312453640262e-04 nan
5.722367659350216940e+01 9.977334621792305347e-01 nan -1.016997860089574601e-03 nan
6.579332246575683030e+01 9.892050096095776901e-01 nan -2.666540804948880350e-03 nan
7.564633275546290747e+01 9.910259294044443390e-01 nan 2.500232341749342169e-03 nan
8.697490026177834466e+01 9.975095893777494727e-01 nan -2.806360258944984309e-03 nan
1.000000000000000000e+02 9.871639863466492582e-01 nan -4.117290141135487858e-03 nan
1.149756995397735579e+02 9.912203312371360431e-01 nan 3.103396408197678369e-03 nan
1.321941148466028721e+02 9.951482161525068149e-01 nan -1.046582452537858643e-03 nan
1.519911082952933157e+02 1.003546774121526042e+00 nan -2.785978355657192651e-03 nan
1.747528400007684866e+02 9.846532492483546228e-01 nan -7.877441667893947397e-04 nan
2.009233002565048025e+02 9.945823566635262347e-01 nan -4.605339189493129481e-03 nan
2.310129700083160458e+02 9.890958063806571943e-01 nan 3.087661849941802927e-03 nan
2.656087782946686957e+02 9.846994842054234143e-01 nan -5.942807215072676286e-03 nan
3.053855508833415797e+02 9.870033353170021284e-01 nan 3.675676362066226943e-03 nan
3.511191734215130964e+02 9.929783149987040369e-01 nan 4.686031771585774663e-04 nan
4.037017258596553688e+02 9.898527232890956817e-01 nan -8.684506472000919075e-05 nan
4.641588833612781855e+02 9.905554951127883978e-01 nan -1.333883584663020372e-03 nan
5.336699231206312106e+02 9.923915757076687827e-01 nan -1.258640636624175357e-03 nan
6.135907273413175744e+02 9.963649674864676342e-01 nan 5.501079575672473965e-03 nan
7.054802310718645231e+02 9.941568865778209751e-01 nan 7.427562640760942969e-03 nan
8.111308307896872520e+02 9.821355831124916058e-01 nan 2.941116538845989226e-03 nan
9.326033468832199560e+02 9.955609521620331082e-01 nan 6.368855952760377193e-03 nan
1.072267222010323167e+03 9.924324523199565817e-01 nan 2.449052216562108697e-03 nan
1.232846739442065882e+03 9.934608325505647208e-01 nan 4.547447924405645381e-04 nan
1.417474162926804865e+03 9.863047495986407842e-01 nan -3.330637140246395234e-04 nan
1.629750834620645037e+03 9.957223925396341269e-01 nan -1.437173805508784596e-03 nan
1.873817422860385022e+03 9.908287697658795246e-01 nan -8.185085694179861093e-03 nan
2.154434690031884656e+03 9.885698314314723678e-01 nan -8.384813897119869353e-04 nan
2.477076355991711353e+03 9.946164356110017701e-01 nan -1.517579545299518884e-03 nan
2.848035868435802058e+03 9.890920164902954337e-01 nan -9.866704110794710658e-03 nan
3.274549162877728577e+03 9.935455437478356577e-01 nan 7.367000785212240999e-04 nan
3.764935806792467247e+03 9.902324275281361166e-01 nan 6.095362327253273094e-03 nan
4.328761281083061476e+03 9.933418118591140766e-01 nan -3.580254314345943101e-04 nan
4.977023564332113892e+03 9.928521179253343432e-01 nan -2.933563925891391477e-03 nan
5.722367659350220492e+03 9.954804965686570029e-01 nan -6.784301173826889908e-03 nan
6.579332246575682802e+03 9.938199125464077799e-01 nan 3.210286290058483871e-03 nan
7.564633275546290861e+03 9.998973673072554247e-01 nan 1.666319627924295332e-03 nan
8.697490026177834807e+03 9.904773183840872575e-01 nan 3.700163439977366409e-03 nan
1.000000000000000000e+04 9.928435777451748434e-01 nan -2.128199891469506611e-03 nan
1.149756995397735591e+04 9.928237788320908308e-01 nan -6.396768652686901646e-03 nan
1.321941148466028790e+04 9.956924962174525939e-01 nan -3.149540743965673073e-03 nan
1.519911082952933066e+04 9.947360129868341172e-01 nan -3.775795099301149094e-04 nan
1.747528400007683013e+04 1.001036769094740375e+00 nan -7.393556798910516648e-03 nan
2.009233002565045899e+04 9.908867069055025123e-01 nan -2.986527389387205744e-03 nan
2.310129700083157877e+04 9.983673864344724258e-01 nan -4.365709929520456001e-03 nan
2.656087782946689549e+04 9.863130001138790126e-01 nan -8.964129753076921503e-03 nan
3.053855508833418571e+04 9.942749618538208045e-01 nan -8.797064563164536111e-03 nan
3.511191734215134784e+04 9.963870990242172931e-01 nan -4.912091204427149194e-03 nan
4.037017258596557804e+04 9.938626794614102700e-01 nan -8.195154995510378626e-03 nan
4.641588833612782037e+04 9.932783754696268286e-01 nan -8.617646426769987045e-03 nan
5.336699231206312834e+04 9.893232695669161858e-01 nan -1.601644777734323455e-02 nan
6.135907273413175426e+04 9.957740796202344535e-01 nan -1.792695321506432293e-02 nan
7.054802310718645458e+04 1.000686324578908382e+00 nan -1.755463443225968589e-02 nan
8.111308307896871702e+04 9.967971291093680186e-01 nan -1.422606292523731497e-02 nan
9.326033468832199287e+04 9.897907665616869632e-01 nan -1.003415209827807075e-02 nan
1.072267222010323167e+05 9.942328416834894655e-01 nan -3.470011326904787197e-02 nan
1.232846739442065882e+05 1.007036311030441000e+00 nan -4.593351539579337839e-02 nan
1.417474162926804856e+05 9.984118031536254323e-01 nan -3.559820241710776045e-02 nan
1.629750834620643582e+05 1.002072828457834630e+00 nan -4.675155669931063684e-02 nan
1.873817422860382940e+05 9.986814780592465635e-01 nan -3.853335893611919971e-02 nan
2.154434690031886566e+05 1.008945610778777979e+00 nan -7.397914341103728475e-02 nan
2.477076355991713936e+05 1.003694759574140338e+00 nan -6.024474477685171081e-02 nan
2.848035868435804732e+05 1.004501789443313475e+00 nan -6.102481475732712823e-02 nan
3.274549162877731724e+05 1.018123971195889155e+00 nan -1.117951212056613741e-01 nan
3.764935806792471558e+05 9.779706168132720201e-01 nan -1.204547385119205671e-01 nan
4.328761281083061476e+05 1.019703496221485040e+00 nan -1.114597863030417635e-01 nan
4.977023564332113601e+05 9.913641301802563754e-01 nan -1.299187585849170823e-01 nan
5.722367659350220347e+05 9.996963705714619897e-01 nan -1.869520014211021319e-01 nan
6.579332246575682657e+05 1.012191698985526633e+00 nan -2.099487385866671829e-01 nan
7.564633275546290679e+05 1.005151770188071447e+00 nan -2.005766307236100943e-01 nan
8.697490026177833788e+05 9.780419596963001450e-01 nan -2.589238160754767648e-01 nan
1.000000000000000000e+06 9.838717815958837321e-01 nan -2.533462434454927248e-01 nan
