1.000000000000000000e+00 9.993867163919669672e-01 9.996418375925286703e-01 3.121344227219324807e-05 4.139520416224229393e-05
1.123324032978027409e+00 9.995143813046875048e-01 9.996090869320898298e-01 -1.442537640219399009e-04 -1.140635821688107399e-04
1.261856883066020396e+00 9.994339932745909261e-01 9.994435841106382723e-01 -8.357715643203533773e-05 2.844938490480508619e-04
1.417474162926805281e+00 9.993162920864151477e-01 9.995250149353748226e-01 5.082649506693570629e-05 -1.381186382563015513e-04
1.592282793341092351e+00 9.996285868452511325e-01 9.993765826977449862e-01 7.200463824119651690e-05 -1.226089865964397063e-04
1.788649529057434906e+00 9.993845322177969948e-01 9.996040717219691896e-01 2.333621698529242394e-04 9.339299696264902195e-05
2.009233002565047332e+00 9.994778347539676755e-01 9.995310541256251513e-01 -3.692420075003255420e-04 4.500425556486220557e-05
2.257019719633920118e+00 9.995182633363040026e-01 9.994817322913174262e-01 1.687426755987431193e-04 -1.619823468139713896e-04
2.535364493970111877e+00 9.998365225171921278e-01 9.993509435028889998e-01 -1.253756506365277801e-04 5.782427018097280325e-05
2.848035868435801365e+00 9.997579426227460875e-01 9.996445982687551801e-01 -6.197276437092114065e-05 -2.289593628024277905e-05
3.199267137797383587e+00 9.994311221187606176e-01 9.994788564616078341e-01 1.727863471199242440e-04 3.370293689552994465e-05
3.593813663804627634e+00 9.996018950189798913e-01 9.994043402624628314e-01 -9.794724569500701250e-05 1.065911317761347732e-04
4.037017258596554470e+00 9.997303892682304349e-01 9.994066049706448185e-01 2.084042117633799762e-05 -2.105083594550194448e-05
4.534878508128581842e+00 9.994691186246412729e-01 9.994954707631891200e-01 -1.420419494593261334e-04 -6.527130113997969829e-05
5.094138014816379290e+00 9.994972503302370637e-01 9.995010143404778891e-01 -8.851509279939051567e-05 1.172617017797250583e-05
5.722367659350217295e+00 9.994018770139810881e-01 9.993895480437245959e-01 1.176461881939872001e-04 4.766408595280324789e-05
6.428073117284320404e+00 9.995154346508090537e-01 9.994678081741050768e-01 7.131905581658770643e-05 -1.280004351444929966e-05
7.220809018385463851e+00 9.997049298062222755e-01 9.993839932306047835e-01 -2.661409863158326061e-05 -8.175648506636434831e-06
8.111308307896869962e+00 9.995612012265606694e-01 9.994597417221215974e-01 3.314767707784938011e-05 1.210100902238053777e-04
9.111627561154891808e+00 9.994419783960135639e-01 9.994582574733676950e-01 -1.122148466610184414e-04 1.653650321684629887e-04
1.023531021899026250e+01 9.994390387909927176e-01 9.995186148476066235e-01 1.367961754188407042e-04 1.544764276171228801e-04
1.149756995397735615e+01 9.993770465228128952e-01 9.992258627733130449e-01 9.114355133110763063e-05 -5.181578266455488802e-06
1.291549665014884063e+01 9.993093000903043865e-01 9.994662329112785626e-01 1.614879425471116292e-05 6.435999067688769060e-05
1.450828778495939453e+01 9.996169397102883103e-01 9.995698850844771943e-01 7.049667972136575145e-05 -8.262275553150288943e-05
1.629750834620644184e+01 9.993626051724816550e-01 9.995154973176958446e-01 7.388980329103844724e-05 -7.020177723582321505e-06
1.830738280295367915e+01 9.994872573884406863e-01 9.996119072934156469e-01 -3.053237431585031914e-04 -1.631636195096319852e-04
2.056512308348651530e+01 9.992946811070509971e-01 9.993129068061077369e-01 -2.851685306328732850e-04 -9.035417307101667461e-05
2.310129700083159321e+01 9.994028322285491983e-01 9.993310433869341258e-01 -2.166792454842969562e-04 3.758699414913024839e-05
2.595024211399735847e+01 9.995285295951369386e-01 9.994355691260972119e-01 -3.964215281726524154e-05 -7.162246417724560388e-05
2.915053062825175800e+01 9.994442019632667762e-01 9.993383871382215400e-01 5.069242834032650080e-05 7.848638216678693880e-06
3.274549162877728037e+01 9.993866130112271096e-01 9.995705923552042904e-01 -4.608302480857418004e-05 -2.653993394226006330e-04
3.678379771828632272e+01 9.996660958391176965e-01 9.993978011870486844e-01 -1.974044929298202078e-05 -1.778452159166832303e-04
4.132012400115336703e+01 9.996154282585548723e-01 9.995937866487761836e-01 -3.693694882400677670e-04 -1.237327556289358199e-04
4.641588833612780007e+01 9.995461315560257853e-01 9.993917451860100387e-01 -2.428018413924704078e-05 -3.701650680572043939e-04
5.214008287999684654e+01 9.995328822555726855e-01 9.993680529067269225e-01 -3.467334932105714529e-05 -3.208521802733343975e-05
5.857020818056667366e+01 9.995760861241227424e-01 9.993058653827475712e-01 -1.789017787960922590e-04 1.387114010507062289e-04
6.579332246575678766e+01 9.993454167598929683e-01 9.993936008599857423e-01 -4.050902249730370386e-05 -1.945071670439446621e-04
7.390722033525779011e+01 9.993791683628280298e-01 9.996043146542009650e-01 -1.346135647932733548e-04 1.569166537089827784e-04
8.302175681319744172e+01 9.995260644933872118e-01 9.995016365860341923e-01 -9.794116344341574631e-05 -1.011728694249036664e-04
9.326033468832198992e+01 9.996196055542910797e-01 9.995166109586517411e-01 -1.834134870186687749e-04 -2.492536692217939276e-04
1.047615752789665180e+02 9.993056876582374626e-01 9.995412207706779739e-01 7.508550616419640278e-05 -1.715940057582798772e-04
1.176811952434997863e+02 9.994045087363756519e-01 9.992646041965591586e-01 -1.418395109631376272e-04 -3.092395238262213297e-04
1.321941148466028721e+02 9.994941361117642975e-01 9.994819522625358887e-01 -4.750929481840415747e-04 -3.226574405719162542e-04
1.484968262254465117e+02 9.993665390606405463e-01 9.993900007105638306e-01 -1.216019244880683914e-04 -3.353290676311182494e-04
1.668100537200059250e+02 9.995323437641054909e-01 9.996565753864216086e-01 -2.943475956209695710e-04 -4.156850101573184020e-04
1.873817422860383033e+02 9.995445804673702694e-01 9.994056670964479583e-01 -3.494090208886468929e-04 -3.864271864744139862e-04
2.104904144512019855e+02 9.992556535281705843e-01 9.995602512595909150e-01 -3.898658947401045793e-04 -5.248692294119727819e-04
2.364489412645407072e+02 9.993517835407863537e-01 9.994435153486493917e-01 -5.030259378253632008e-04 -2.679119773620897149e-04
2.656087782946686957e+02 9.994620494090751261e-01 9.997222073215206173e-01 -3.973852001735167505e-04 -4.891841675966901448e-04
2.983647240283340238e+02 9.996133954387794729e-01 9.995384278001709921e-01 -8.349581761319946338e-04 -5.376052758432336987e-04
3.351602650938841066e+02 9.993007867265663036e-01 9.997163630288886660e-01 -3.721309013613449679e-04 -6.019158614112285477e-04
3.764935806792467474e+02 9.993718321691611450e-01 9.994934480867938564e-01 -8.630326446059655154e-04 -8.017441246357392970e-04
4.229242874389498752e+02 9.995135032179208734e-01 9.995570527168502473e-01 -4.983761695456223606e-04 -8.059097468500198147e-04
4.750810162102798131e+02 9.994506260388169583e-01 9.994044456360283712e-01 -9.003684283230839469e-04 -1.079655195859618999e-03
5.336699231206307559e+02 9.994577538955896623e-01 9.995730600491470330e-01 -8.817710117239307976e-04 -9.464707777668834865e-04
5.994842503189408944e+02 9.996645364180923865e-01 9.994099826439466483e-01 -1.175262706438751081e-03 -1.005825621277711690e-03
6.734150657750820983e+02 9.996138583633872310e-01 9.992041230951368425e-01 -8.501363464872291331e-04 -1.197822614982690936e-03
7.564633275546290179e+02 9.995862975915057458e-01 9.992132338278374437e-01 -1.395236531060550789e-03 -1.370490640167254526e-03
8.497534359086438371e+02 9.992631184533243838e-01 9.995658154996946987e-01 -1.560611517094301348e-03 -1.296758754298465988e-03
9.545484566618337112e+02 9.991641624061950999e-01 9.994336921128922357e-01 -1.537208091697994661e-03 -1.720065470796061646e-03
1.072267222010323167e+03 9.994625357542390454e-01 9.994876811775389447e-01 -1.818362586028854366e-03 -1.883542599780518856e-03
1.204503540258782323e+03 9.995152806865895689e-01 9.993558473099231065e-01 -1.997522787291039492e-03 -1.753402479951482462e-03
1.353047774579806173e+03 9.996775737390080074e-01 9.993803219230072976e-01 -2.293649576381451283e-03 -2.190317730823565512e-03
1.519911082952933157e+03 9.993932999893558877e-01 9.996473702793566840e-01 -2.517194516302723173e-03 -2.789966996516568543e-03
1.707352647470690499e+03 9.996385328154224759e-01 9.994155419122608963e-01 -3.077536750268450305e-03 -2.858796837055699314e-03
1.917910261672488787e+03 9.996022562102702125e-01 9.993403570149783643e-01 -3.404439163780192956e-03 -3.299160133396039640e-03
2.154434690031884656e+03 9.994557601948550474e-01 9.998612708664592619e-01 -3.627830172176604862e-03 -3.745374198969031454e-03
2.420128264794380812e+03 9.995989491574273078e-01 9.995227816136227350e-01 -4.244393017931891166e-03 -4.308549830482455434e-03
2.718588242732940216e+03 9.993819317271676050e-01 9.994830865285149191e-01 -4.839280984001881336e-03 -4.883073924857761483e-03
3.053855508833415570e+03 9.997280648789296231e-01 9.997817848910585115e-01 -5.649151111665418057e-03 -5.422602732748416088e-03
3.430469286314919373e+03 9.996730523654748790e-01 9.995142636144118686e-01 -6.356230415647701193e-03 -6.260424999658731338e-03
3.853528593710527275e+03 9.996164110619554233e-01 9.994963811085608718e-01 -6.595467364140183975e-03 -6.896240208133619376e-03
4.328761281083056929e+03 9.996009584092151457e-01 9.996829471261097222e-01 -7.736675979233886835e-03 -7.825577342505773970e-03
4.862601580065353119e+03 9.997613527909700037e-01 9.996184952778931487e-01 -9.273840890586804164e-03 -8.913295656621578189e-03
5.462277217684342759e+03 9.999034556463066714e-01 9.998984620265228829e-01 -1.016675242311659844e-02 -1.002498245404392918e-02
6.135907273413169605e+03 9.997297278991491565e-01 9.999786262748413534e-01 -1.153440672730621230e-02 -1.175162629915593726e-02
6.892612104349695073e+03 9.998670623588297168e-01 9.998231113604847398e-01 -1.312132449620273533e-02 -1.347498409696834543e-02
7.742636826811270112e+03 9.997823527764126972e-01 9.999454262751622524e-01 -1.540607255610648707e-02 -1.511954502219214902e-02
8.697490026177834807e+03 9.995380733516058269e-01 9.993695395911259549e-01 -1.768366024718126539e-02 -1.753837846875683226e-02
9.770099572992246976e+03 9.998100292437268610e-01 9.993330390155642506e-01 -2.054609673287854932e-02 -2.041806616281149900e-02
1.097498765493056817e+04 9.994210760372863600e-01 9.993932710332595892e-01 -2.477886979127141842e-02 -2.501352318360172688e-02
1.232846739442065882e+04 9.989380586257803341e-01 9.992677082564090929e-01 -3.078513640953595143e-02 -3.130677865944520022e-02
1.384886371393871741e+04 9.949751798284912629e-01 9.951810194857571013e-01 -4.842783013341911413e-02 -4.863862591125123203e-02
1.555676143930472244e+04 9.734472580365232108e-01 9.739364747344794182e-01 -9.344538013273195887e-02 -9.326555202691055868e-02
1.747528400007683013e+04 9.282651367527569031e-01 9.280728982462246313e-01 -1.660856423365180135e-01 -1.663362031198656332e-01
1.963040650040272521e+04 8.663952385327113870e-01 8.660730774871665538e-01 -2.581164035653142896e-01 -2.575301731373302871e-01
2.205130739903045469e+04 7.965924395321177798e-01 7.970272305792510670e-01 -3.715998311885799765e-01 -3.714159622811914474e-01
2.477076355991708988e+04 7.183145553340916090e-01 7.185044080654398035e-01 -5.393722884796763317e-01 -5.386869947850589924e-01
2.782559402207125822e+04 6.451937395589284474e-01 6.456437120296045773e-01 -6.715663543965710858e-01 -6.719546223658703354e-01
3.125715849688235176e+04 5.796674253847526881e-01 5.795512316564267463e-01 -7.739685053179137242e-01 -7.721749638032893159e-01
3.511191734215127508e+04 5.205427974659004864e-01 5.207654825474306026e-01 -8.542857260162346478e-01 -8.560692318994540528e-01
3.944206059437656222e+04 4.666524005547658116e-01 4.666116672876929883e-01 -9.237378946034731086e-01 -9.241700667761669763e-01
4.430621457583877782e+04 4.185895696542316080e-01 4.183106022590137307e-01 -9.830391965277094357e-01 -9.785086770713959936e-01
4.977023564332113892e+04 3.743957210295393301e-01 3.751448232394616888e-01 -1.029919558730954421e+00 -1.028883474446780966e+00
5.590810182512222673e+04 3.347358980650204652e-01 3.353990996088068721e-01 -1.072140097570709827e+00 -1.070228528752673824e+00
6.280291441834246507e+04 2.986127861125611460e-01 2.984719009816522717e-01 -1.104502256502307489e+00 -1.104733949266805126e+00
7.054802310718645458e+04 2.653875915346112224e-01 2.664626465431160773e-01 -1.134085679730706175e+00 -1.133407770905668244e+00
7.924828983539169712e+04 2.366016093933980824e-01 2.368010003269276076e-01 -1.155167149140005733e+00 -1.152465208817101683e+00
8.902150854450392944e+04 2.104890083013850888e-01 2.112090409977081806e-01 -1.166119775456852636e+00 -1.168692867189729867e+00
1.000000000000000000e+05 1.873279901375645984e-01 1.866493821000551334e-01 -1.170853308349114386e+00 -1.173676098365575626e+00
