1.000000000000000000e+00 9.995700682600272557e-01 9.996082237082988264e-01 -1.672523577767037750e-05 8.644934267998394262e-06
1.123324032978027409e+00 9.995891349560205308e-01 9.996030922069546465e-01 -2.495412386060991139e-06 2.537256868606618809e-05
1.261856883066020396e+00 9.995591891192076028e-01 9.996269489915940998e-01 1.325518301564798662e-05 2.672437577011521626e-06
1.417474162926805281e+00 9.996070228153790538e-01 9.996300192469681489e-01 4.309961296744546644e-06 7.650499416200773339e-07
1.592282793341092351e+00 9.996080025060425367e-01 9.996390679524528311e-01 1.826867092136197357e-05 3.023005594737782076e-06
1.788649529057434906e+00 9.995724253276923044e-01 9.996142169508284159e-01 1.562310631975094566e-06 -1.475409495688140282e-05
2.009233002565047332e+00 9.995862566186971554e-01 9.996388373847684417e-01 -1.926428161702631314e-05 -5.436887452692218403e-06
2.257019719633920118e+00 9.995985784476641989e-01 9.996077937064452579e-01 -1.479022312622646496e-06 1.233617811857712354e-05
2.535364493970111877e+00 9.995870010337621903e-01 9.996219057169108968e-01 -1.381818566104087154e-05 -3.758468473691323197e-05
2.848035868435801365e+00 9.995920405872139591e-01 9.996070350213877020e-01 -1.995078258731908250e-05 -1.019347059738606731e-05
3.199267137797383587e+00 9.995976702815740911e-01 9.996392282633318471e-01 -2.884891622878527073e-05 7.271105521233778290e-06
3.593813663804627634e+00 9.995959884337172197e-01 9.995987496747666956e-01 -3.197479217265097873e-05 -3.792907106614507029e-06
4.037017258596554470e+00 9.995940709704301819e-01 9.996568525695554985e-01 -2.331452865078631476e-05 -1.889679550615142034e-05
4.534878508128581842e+00 9.995831311457289425e-01 9.996190157435682622e-01 -8.007502546369948959e-06 -2.106474064955676795e-06
5.094138014816379290e+00 9.995775974041741785e-01 9.996014502448553607e-01 -2.798598805497931608e-05 -5.368155652440975700e-06
5.722367659350217295e+00 9.995800199228240812e-01 9.995993838413624877e-01 -2.773985023729608201e-05 -3.464432059585575985e-05
6.428073117284320404e+00 9.995869172810371017e-01 9.996409870731876035e-01 -2.609720344626254018e-05 -3.444834039578736906e-05
7.220809018385463851e+00 9.995746501388017569e-01 9.996133269986312575e-01 -2.383494233448857358e-05 -3.364259114846390730e-06
8.111308307896869962e+00 9.995963562194544183e-01 9.995922835687998109e-01 -3.618643488145778520e-05 1.227993661423454341e-05
9.111627561154891808e+00 9.996186315405647393e-01 9.995859567044778071e-01 -1.376630401850320595e-05 -3.781496451615851129e-05
1.023531021899026250e+01 9.996426310000319226e-01 9.996179683925737747e-01 -1.292764569083004744e-05 -3.358802494535240157e-05
1.149756995397735615e+01 9.996400039269420779e-01 9.996209141229617234e-01 -3.012798324952825624e-05 -3.756467331728075010e-05
1.291549665014884063e+01 9.996175773039239765e-01 9.996056241597749414e-01 -3.072621749744541830e-05 -4.145353998019629671e-05
1.450828778495939453e+01 9.995850437381962328e-01 9.995979761884631332e-01 -2.966899661416277922e-05 -2.933080486222650052e-05
1.629750834620644184e+01 9.995838895701461002e-01 9.995987357539563023e-01 -1.206133929354535894e-05 -6.030451825234095509e-05
1.830738280295367915e+01 9.995831287928302888e-01 9.995647529123202757e-01 -4.005955032893027123e-05 -3.313836819929250055e-05
2.056512308348651530e+01 9.995729169686935478e-01 9.996318263671033488e-01 -4.351331353102949606e-05 -5.641984398430111014e-05
2.310129700083159321e+01 9.995962378174564344e-01 9.995778629366042223e-01 -5.723233298393637369e-05 -3.685729275160198881e-05
2.595024211399735847e+01 9.995910954077246169e-01 9.996273843546805704e-01 -4.835745162745652692e-05 -8.284010183690071472e-05
2.915053062825175800e+01 9.995879545749322137e-01 9.995470515854067983e-01 -8.556155441130641748e-05 -8.197997244119292759e-05
3.274549162877728037e+01 9.995937260137586211e-01 9.995940383265315976e-01 -1.096134169431550731e-04 -8.284659742141542438e-05
3.678379771828632272e+01 9.995741305168599489e-01 9.995967629464386217e-01 -1.082438510167094137e-04 -9.032791347252100422e-05
4.132012400115336703e+01 9.995767027332641552e-01 9.996035049295751707e-01 -1.189736611832969970e-04 -8.729117515970941099e-05
4.641588833612780007e+01 9.995989807315066589e-01 9.995915006518738544e-01 -1.635840145604028351e-04 -1.421556860559114455e-04
5.214008287999684654e+01 9.996054966781316997e-01 9.996229997897351227e-01 -1.240222345013641814e-04 -1.089338086037727749e-04
5.857020818056667366e+01 9.995923651947852262e-01 9.995879958294834333e-01 -1.420426682070541347e-04 -1.212218149966304281e-04
6.579332246575678766e+01 9.995904918694359376e-01 9.995938756930580205e-01 -1.632917763512153897e-04 -1.537257246395640209e-04
7.390722033525779011e+01 9.995891433413723881e-01 9.996043618257024477e-01 -1.334689596577121051e-04 -1.430078467166140399e-04
8.302175681319744172e+01 9.996111462110398582e-01 9.996145611019849886e-01 -1.953227102715615615e-04 -1.941604856803280654e-04
9.326033468832198992e+01 9.996038657402493977e-01 9.996141625937801090e-01 -2.144072658767370854e-04 -2.289574729994470204e-04
1.047615752789665180e+02 9.995950007601758225e-01 9.995986238961266368e-01 -2.459192330643844571e-04 -2.705249830512457265e-04
1.176811952434997863e+02 9.995948584477246657e-01 9.995948466351033401e-01 -3.093027735863174144e-04 -2.470170672159710534e-04
1.321941148466028721e+02 9.995911511246305947e-01 9.995824677356692778e-01 -2.924738870082599362e-04 -3.100461104255103351e-04
1.484968262254465117e+02 9.996361855062133595e-01 9.995718460083266033e-01 -3.675712313633283657e-04 -3.872848808770257278e-04
1.668100537200059250e+02 9.996040170314139939e-01 9.995923846020910997e-01 -3.869602278152584063e-04 -4.152175881486641629e-04
1.873817422860383033e+02 9.995995731034056364e-01 9.995791123474029316e-01 -4.451809749781432402e-04 -4.806159499217699249e-04
2.104904144512019855e+02 9.996188961117302707e-01 9.995805497922658489e-01 -5.021354426766322376e-04 -5.080202702001379578e-04
2.364489412645407072e+02 9.995818718602381692e-01 9.996265349525813582e-01 -5.652504280106995793e-04 -5.711335343145940158e-04
2.656087782946686957e+02 9.996248167156340791e-01 9.995841593038973238e-01 -6.015902582432453016e-04 -6.785194940457373036e-04
2.983647240283340238e+02 9.996016870557877798e-01 9.995597407983328742e-01 -7.295718939710482687e-04 -7.188403728255465808e-04
3.351602650938841066e+02 9.995940951171279343e-01 9.995953160867304677e-01 -8.207360765162263760e-04 -8.019255118627555134e-04
3.764935806792467474e+02 9.995843049270163316e-01 9.996001767762024981e-01 -8.956995820335045266e-04 -9.219639722859440667e-04
4.229242874389498752e+02 9.995968701332250683e-01 9.995703640825185365e-01 -9.973642494474077580e-04 -1.028013450115938809e-03
4.750810162102798131e+02 9.995935820745053269e-01 9.996169774005372322e-01 -1.095498118836246704e-03 -1.130915015169264848e-03
5.336699231206307559e+02 9.995932235916425990e-01 9.996128928033287675e-01 -1.279711805899808041e-03 -1.269004387657979294e-03
5.994842503189408944e+02 9.996244107569687287e-01 9.995972274127759016e-01 -1.412646231514713691e-03 -1.428464638984827673e-03
6.734150657750820983e+02 9.995965379697262509e-01 9.995936212432027235e-01 -1.589365540024090251e-03 -1.588839841416778143e-03
7.564633275546290179e+02 9.996035439442102488e-01 9.995840711670406220e-01 -1.805405641111867965e-03 -1.824774774918047626e-03
8.497534359086438371e+02 9.995565520287013062e-01 9.995638202980201559e-01 -2.022805321096665665e-03 -2.050475995192702072e-03
9.545484566618337112e+02 9.995788263555328568e-01 9.995761961010203311e-01 -2.266210678510738319e-03 -2.261647267562061359e-03
1.072267222010323167e+03 9.995447480491891357e-01 9.995510296070875267e-01 -2.561716875359110190e-03 -2.552053926990538457e-03
1.204503540258782323e+03 9.995355074627502168e-01 9.995442682673472135e-01 -2.864727354403129311e-03 -2.880954969009863476e-03
1.353047774579806173e+03 9.995449000884568669e-01 9.995072757593287394e-01 -3.227453264146973311e-03 -3.220586837533012670e-03
1.519911082952933157e+03 9.995012518585305594e-01 9.995144571509344544e-01 -3.613651281669127968e-03 -3.631415974291396509e-03
1.707352647470690499e+03 9.995129320682417662e-01 9.994762551614991830e-01 -4.063609133893919534e-03 -4.040853685211232005e-03
1.917910261672488787e+03 9.995058475399599685e-01 9.994446138440215011e-01 -4.542602430053221951e-03 -4.537643542652070039e-03
2.154434690031884656e+03 9.994700316043371169e-01 9.994200328624929242e-01 -5.078970335405941228e-03 -5.084504540378453896e-03
2.420128264794380812e+03 9.994204803571127282e-01 9.994074967950774546e-01 -5.606368111746640182e-03 -5.614698059731804136e-03
2.718588242732940216e+03 9.993846049050123526e-01 9.993500747328107892e-01 -6.458706982706008404e-03 -6.420125837628631871e-03
3.053855508833415570e+03 9.993501420184873751e-01 9.992971653488297301e-01 -7.232589328657557104e-03 -7.211664669529938010e-03
3.430469286314919373e+03 9.992828940684691519e-01 9.992349448105177778e-01 -8.180716955304312421e-03 -8.132524710845245863e-03
3.853528593710527275e+03 9.992007977959536102e-01 9.991667412598574938e-01 -9.188493999602087570e-03 -9.115820474808078444e-03
4.328761281083056929e+03 9.991669185761417049e-01 9.991211452083637035e-01 -1.023853208889224931e-02 -1.035669194929944581e-02
4.862601580065353119e+03 9.990212083336529325e-01 9.990020071702098159e-01 -1.165641883752854824e-02 -1.168769334308983332e-02
5.462277217684342759e+03 9.989059075961552736e-01 9.989183932416476619e-01 -1.319329221148723974e-02 -1.319523269214917249e-02
6.135907273413169605e+03 9.988153730644157013e-01 9.987869350042186678e-01 -1.508175492768426551e-02 -1.504079411797309973e-02
6.892612104349695073e+03 9.987038111101401716e-01 9.986451889596177356e-01 -1.720289883016334898e-02 -1.722287870119210140e-02
7.742636826811270112e+03 9.984883242763767930e-01 9.985748190091109366e-01 -1.987562381842034043e-02 -1.984664324425322590e-02
8.697490026177834807e+03 9.983181954273380176e-01 9.983429021834220318e-01 -2.319680283308844793e-02 -2.321711991991204371e-02
9.770099572992246976e+03 9.980216341301862970e-01 9.979653883687290561e-01 -2.802241715632147745e-02 -2.794633523905076800e-02
1.097498765493056817e+04 9.966962132544884279e-01 9.966436529165948466e-01 -3.788765889790646213e-02 -3.792624468179184305e-02
1.232846739442065882e+04 9.850943594876659937e-01 9.850894852157339177e-01 -6.766735719103955660e-02 -6.763338057425638539e-02
1.384886371393871741e+04 9.517568777469784802e-01 9.516997127557089708e-01 -1.269427251605312890e-01 -1.269706516754913750e-01
1.555676143930472244e+04 8.969746105959075511e-01 8.970180993180226769e-01 -2.108826596037518541e-01 -2.108428098226360348e-01
1.747528400007683013e+04 8.306628282248897932e-01 8.307527741716028702e-01 -3.120504963570844836e-01 -3.119664637708332577e-01
1.963040650040272521e+04 7.547177346964689670e-01 7.546754217648654617e-01 -4.622320393046619458e-01 -4.620958914449766475e-01
2.205130739903045469e+04 6.767660506583367264e-01 6.767211260386214455e-01 -6.200095907206133461e-01 -6.202302220785180786e-01
2.477076355991708988e+04 6.073343733279247258e-01 6.073610479449833566e-01 -7.314650005007923284e-01 -7.314019814151393462e-01
2.782559402207125822e+04 5.453071212293024717e-01 5.452961001595705293e-01 -8.180502515048484469e-01 -8.181801604996472577e-01
3.125715849688235176e+04 4.894664003300974731e-01 4.894953007434483805e-01 -8.890082476526597333e-01 -8.889103026404363561e-01
3.511191734215127508e+04 4.393090408080417286e-01 4.392839948317279197e-01 -9.478667989906988112e-01 -9.479412815026435624e-01
3.944206059437656222e+04 3.939587790457118599e-01 3.939869750299417883e-01 -9.976288967265656282e-01 -9.974939951202941302e-01
4.430621457583877782e+04 3.528691179196741801e-01 3.528813222984107378e-01 -1.039475063094519314e+00 -1.039510156315394340e+00
4.977023564332113892e+04 3.156896074457442580e-01 3.157250835526016486e-01 -1.074631008414240085e+00 -1.074445928342116829e+00
5.590810182512222673e+04 2.820024283684340882e-01 2.820522756451587232e-01 -1.102832115832008242e+00 -1.102595731587218353e+00
6.280291441834246507e+04 2.514594950018796959e-01 2.514527524344741249e-01 -1.124432656757221594e+00 -1.124716497843342822e+00
7.054802310718645458e+04 2.241564363757387879e-01 2.240411588717884928e-01 -1.139118405076231966e+00 -1.139255331136070026e+00
7.924828983539169712e+04 1.994335272031412809e-01 1.994684151332171418e-01 -1.146819600391502547e+00 -1.146988660802024995e+00
8.902150854450392944e+04 1.774232942120719525e-01 1.775258166802676785e-01 -1.148821161799958190e+00 -1.148840462535087426e+00
1.000000000000000000e+05 1.580244292851343824e-01 1.580411562847303386e-01 -1.144555260430745847e+00 -1.144322046711049978e+00
